desc: I1 cache:         32768 B, 64 B, 8-way associative
desc: D1 cache:         32768 B, 64 B, 8-way associative
desc: LL cache:         6291456 B, 64 B, 12-way associative
cmd: ./bin/omp_mat_vect_rand_split 1 5 5000000
events: Ir I1mr ILmr Dr D1mr DLmr Dw D1mw DLmw 
fl=/build/eglibc-SvCtMH/eglibc-2.19/csu/../csu/init-first.c
fn=_init
52 8 1 1 0 0 0 4 0 0
58 4 1 1 1 1 0 1 1 1
65 5 1 1 4 2 0 0 0 0
70 1 0 0 0 0 0 1 1 1
71 1 0 0 0 0 0 1 0 0
72 2 0 0 1 1 0 1 1 1
86 4 0 0 0 0 0 1 0 0
94 1 0 0 0 0 0 1 0 0
99 6 0 0 5 0 0 0 0 0
fl=/build/eglibc-SvCtMH/eglibc-2.19/csu/../sysdeps/generic/dl-hash.h
fn=_init
43 1 0 0 0 0 0 0 0 0
44 1 0 0 0 0 0 0 0 0
45 13 0 0 4 0 0 0 0 0
48 12 0 0 0 0 0 0 0 0
49 8 0 0 0 0 0 0 0 0
62 8 0 0 0 0 0 0 0 0
67 1 1 1 0 0 0 0 0 0
fl=/build/eglibc-SvCtMH/eglibc-2.19/csu/../sysdeps/unix/sysv/linux/x86_64/init-first.c
fn=_init
38 7 1 1 0 0 0 4 0 0
40 4 0 0 0 0 0 1 0 0
41 2 0 0 0 0 0 0 0 0
42 2 1 1 0 0 0 0 0 0
43 2 1 1 1 0 0 0 0 0
44 1 0 0 0 0 0 1 1 0
46 3 0 0 0 0 0 1 0 0
50 3 0 0 0 0 0 0 0 0
51 2 0 0 1 0 0 0 0 0
52 1 0 0 0 0 0 1 0 0
fl=/build/eglibc-SvCtMH/eglibc-2.19/csu/../sysdeps/x86_64/multiarch/init-arch.c
fn=__init_cpu_features
31 7 1 1 0 0 0 4 0 0
37 3 0 0 0 0 0 0 0 0
38 3 0 0 0 0 0 0 0 0
39 2 0 0 0 0 0 0 0 0
45 1 0 0 0 0 0 1 0 0
54 3 1 1 0 0 0 1 0 0
57 6 0 0 0 0 0 0 0 0
59 3 0 0 0 0 0 0 0 0
65 3 0 0 0 0 0 0 0 0
66 2 1 1 0 0 0 0 0 0
71 2 0 0 0 0 0 0 0 0
74 12 1 1 0 0 0 0 0 0
101 2 1 1 0 0 0 0 0 0
123 1 0 0 1 1 1 0 0 0
127 1 1 1 0 0 0 0 0 0
152 2 1 1 1 0 0 0 0 0
153 7 0 0 0 0 0 4 0 0
160 3 0 0 1 0 0 0 0 0
164 2 0 0 0 0 0 0 0 0
166 3 1 1 0 0 0 0 0 0
170 2 1 1 0 0 0 0 0 0
171 1 0 0 1 0 0 0 0 0
173 2 0 0 0 0 0 0 0 0
176 2 0 0 1 0 0 0 0 0
184 6 1 1 0 0 0 0 0 0
185 5 0 0 0 0 0 0 0 0
186 2 0 0 0 0 0 0 0 0
189 1 0 0 0 0 0 1 0 0
190 1 0 0 0 0 0 1 0 0
192 1 0 0 0 0 0 1 0 0
193 2 0 0 2 0 0 0 0 0
fl=/build/eglibc-SvCtMH/eglibc-2.19/csu/libc-start.c
fn=(below main)
133 10 1 1 0 0 0 8 0 0
137 7 2 2 1 1 0 1 0 0
219 2 0 0 0 0 0 0 0 0
220 4 0 0 0 0 0 1 0 0
242 6 0 0 2 0 0 0 0 0
245 2 0 0 0 0 0 0 0 0
246 5 1 1 4 0 0 1 0 0
250 4 0 0 2 1 0 0 0 0
265 2 0 0 0 0 0 0 0 0
274 2 0 0 0 0 0 1 0 0
275 2 1 1 0 0 0 0 0 0
280 2 0 0 1 1 0 1 0 0
281 2 0 0 1 0 0 1 0 0
284 2 0 0 0 0 0 1 0 0
287 6 0 0 5 0 0 1 0 0
321 2 1 1 0 0 0 1 0 0
fl=/build/eglibc-SvCtMH/eglibc-2.19/ctype/ctype-info.c
fn=__ctype_init
31 7 2 2 5 3 0 1 0 0
33 4 0 0 2 1 0 1 0 0
35 5 1 1 3 0 0 1 0 0
fl=/build/eglibc-SvCtMH/eglibc-2.19/debug/../libio/libioP.h
fn=__printf_chk
913 1 0 0 1 0 0 0 0 0
914 2 0 0 1 0 0 0 0 0
915 8 0 0 4 0 0 1 0 0
fl=/build/eglibc-SvCtMH/eglibc-2.19/debug/printf_chk.c
fn=__printf_chk
26 20 3 3 0 0 0 15 0 0
30 18 1 1 11 5 5 1 0 0
31 2 0 0 0 0 0 0 0 0
32 2 0 0 2 1 1 0 0 0
34 6 1 1 0 0 0 4 0 0
35 5 0 0 1 0 0 1 0 0
38 2 0 0 0 0 0 0 0 0
39 2 1 1 2 0 0 0 0 0
43 6 1 1 4 0 0 0 0 0
fl=/build/eglibc-SvCtMH/eglibc-2.19/elf/../elf/dl-runtime.c
fn=_dl_fixup
66 165 1 1 0 0 0 99 1 0
68 33 0 0 33 0 0 0 0 0
69 66 0 0 66 6 4 0 0 0
72 165 0 0 66 19 14 0 0 0
73 231 1 1 66 24 16 33 0 0
74 99 0 0 66 5 4 0 0 0
79 66 0 0 0 0 0 0 0 0
83 66 0 0 33 28 25 0 0 0
85 2 0 0 0 0 0 0 0 0
87 99 0 0 33 10 7 0 0 0
91 64 0 0 64 21 14 0 0 0
92 128 1 1 32 3 2 0 0 0
94 128 0 0 32 12 8 0 0 0
100 33 0 0 0 0 0 0 0 0
101 99 0 0 33 2 2 0 0 0
108 66 1 1 33 4 2 33 0 0
111 330 0 0 66 8 6 99 2 2
115 99 1 1 33 0 0 0 0 0
119 132 0 0 33 0 0 33 0 0
125 198 0 0 66 2 2 0 0 0
133 33 0 0 33 0 0 0 0 0
141 132 1 1 33 0 0 0 0 0
145 99 0 0 33 1 1 0 0 0
149 165 0 0 132 0 0 0 0 0
fl=/build/eglibc-SvCtMH/eglibc-2.19/elf/../elf/dl-sysdep.c
fn=_dl_sysdep_start
86 8 1 1 0 0 0 7 1 1
87 2 0 0 0 0 0 0 0 0
88 1 0 0 0 0 0 0 0 0
110 1 0 0 0 0 0 1 0 0
111 219 2 2 71 10 10 4 3 3
114 2 0 0 0 0 0 1 0 0
115 1 0 0 0 0 0 1 1 1
117 90 2 2 23 5 5 10 0 0
118 111 1 1 21 2 2 0 0 0
121 1 0 0 1 0 0 0 0 0
122 1 0 0 0 0 0 0 0 0
124 1 0 0 1 0 0 0 0 0
125 1 0 0 0 0 0 0 0 0
127 1 1 1 1 0 0 0 0 0
128 1 0 0 0 0 0 0 0 0
130 1 0 0 1 0 0 0 0 0
131 1 0 0 0 0 0 0 0 0
151 1 1 1 1 0 0 0 0 0
152 1 0 0 0 0 0 0 0 0
154 1 0 0 1 0 0 0 0 0
155 1 0 0 0 0 0 0 0 0
157 1 1 1 1 0 0 0 0 0
158 1 0 0 0 0 0 0 0 0
163 1 0 0 1 0 0 0 0 0
164 1 0 0 0 0 0 0 0 0
179 1 0 0 1 0 0 0 0 0
180 1 0 0 0 0 0 0 0 0
232 3 1 1 0 0 0 2 0 0
234 5 1 1 0 0 0 1 0 0
246 3 0 0 1 0 0 0 0 0
249 6 0 0 2 0 0 1 0 0
250 1 0 0 1 1 0 0 0 0
251 8 0 0 7 1 0 0 0 0
fn=_dl_sysdep_start_cleanup
256 1 1 1 1 0 0 0 0 0
fl=/build/eglibc-SvCtMH/eglibc-2.19/elf/../misc/sbrk.c
fn=sbrk
34 4 1 1 0 0 0 2 0 0
42 6 1 1 2 0 0 0 0 0
46 2 0 0 0 0 0 0 0 0
57 5 0 0 3 0 0 0 0 0
fl=/build/eglibc-SvCtMH/eglibc-2.19/elf/../string/bits/string2.h
fn=handle_ld_preload
961 375 1 1 47 0 0 0 0 0
962 97 0 0 0 0 0 0 0 0
963 93 0 0 0 0 0 0 0 0
fl=/build/eglibc-SvCtMH/eglibc-2.19/elf/../sysdeps/unix/sysv/linux/dl-osinfo.h
fn=security_init
61 2 0 0 0 0 0 0 0 0
84 2 1 1 1 1 0 1 0 0
86 1 0 0 1 0 0 0 0 0
93 1 0 0 1 0 0 0 0 0
101 2 0 0 0 0 0 0 0 0
112 1 1 1 1 0 0 0 0 0
fl=/build/eglibc-SvCtMH/eglibc-2.19/elf/../sysdeps/unix/sysv/linux/dl-sysdep.c
fn=_dl_discover_osversion
45 7 1 1 0 0 0 6 0 0
47 3 0 0 1 0 0 0 0 0
87 5 1 1 0 0 0 1 1 1
102 1 1 1 0 0 0 0 0 0
106 1 0 0 0 0 0 0 0 0
107 1 0 0 0 0 0 0 0 0
109 12 0 0 3 1 1 0 0 0
111 6 0 0 0 0 0 0 0 0
113 12 0 0 3 0 0 0 0 0
119 3 0 0 0 0 0 0 0 0
120 3 1 1 0 0 0 0 0 0
121 3 0 0 0 0 0 0 0 0
123 13 0 0 0 0 0 0 0 0
128 2 0 0 0 0 0 0 0 0
132 8 0 0 7 0 0 0 0 0
fn=_dl_sysdep_start
35 2 0 0 0 0 0 1 1 1
fl=/build/eglibc-SvCtMH/eglibc-2.19/elf/../sysdeps/unix/sysv/linux/dl-vdso.c
fn=_dl_vdso_vsym
26 5 0 0 0 0 0 0 0 0
27 10 1 1 10 4 2 0 0 0
28 10 1 1 5 0 0 0 0 0
31 10 0 0 0 0 0 0 0 0
fl=/build/eglibc-SvCtMH/eglibc-2.19/elf/../sysdeps/unix/sysv/linux/x86_64/brk.c
fn=brk
28 1 0 0 0 0 0 0 0 0
31 7 1 1 0 0 0 1 1 1
33 2 0 0 0 0 0 0 0 0
39 1 0 0 0 0 0 0 0 0
40 1 0 0 1 0 0 0 0 0
fl=/build/eglibc-SvCtMH/eglibc-2.19/elf/../sysdeps/x86_64/dl-irel.h
fn=_dl_fixup
32 6 3 3 0 0 0 2 0 0
fl=/build/eglibc-SvCtMH/eglibc-2.19/elf/../sysdeps/x86_64/dl-machine.h
fn=_dl_fixup
210 33 0 0 0 0 0 33 0 0
fn=_dl_relocate_object
71 24 1 1 6 0 0 0 0 0
77 10 1 1 10 4 0 0 0 0
81 15 0 0 5 5 4 0 0 0
87 5 0 0 0 0 0 5 0 0
95 15 0 0 5 0 0 0 0 0
108 10 0 0 0 0 0 5 0 0
111 20 1 1 5 5 1 0 0 0
244 246 0 0 0 0 0 0 0 0
265 246 0 0 0 0 0 0 0 0
269 246 0 0 0 0 0 0 0 0
276 4945 12 12 981 107 92 871 4 0
278 550 0 0 220 1 0 0 0 0
281 440 1 1 110 0 0 0 0 0
287 861 1 1 123 4 3 0 0 0
320 4 1 1 0 0 0 0 0 0
321 6 0 0 2 0 0 2 0 0
328 3 0 0 1 0 0 0 0 0
330 2 0 0 2 0 0 0 0 0
339 2 0 0 0 0 0 1 0 0
382 42 1 1 14 0 0 0 0 0
386 70 1 1 14 2 0 0 0 0
391 70 0 0 28 2 2 14 9 9
410 315 0 0 105 13 11 105 14 8
422 30 0 0 0 0 0 10 0 0
449 3 1 1 1 0 0 0 0 0
453 6 0 0 3 0 0 1 0 0
455 3 0 0 2 0 0 0 0 0
456 1 1 1 0 0 0 0 0 0
487 3786 0 0 1262 318 317 0 0 0
492 2524 0 0 0 0 0 0 0 0
493 3786 0 0 1262 157 157 1262 239 235
503 291 0 0 148 0 0 0 0 0
507 286 0 0 0 0 0 0 0 0
509 429 0 0 143 1 0 0 0 0
510 143 0 0 143 15 14 0 0 0
527 10 0 0 10 1 1 0 0 0
529 5 0 0 0 0 0 5 0 0
530 5 0 0 0 0 0 5 0 0
fn=_dl_start
58 3 0 0 1 1 1 0 0 0
241 10 0 0 0 0 0 0 0 0
269 20 0 0 0 0 0 0 0 0
278 40 0 0 20 2 2 0 0 0
281 40 0 0 10 6 6 0 0 0
287 61 0 0 10 1 1 0 0 0
391 10 1 1 10 2 2 0 0 0
400 10 0 0 0 0 0 10 2 2
492 20 0 0 10 1 1 0 0 0
493 30 0 0 10 1 1 10 2 2
fn=_dl_sysdep_start
200 5 0 0 2 1 1 0 0 0
fl=/build/eglibc-SvCtMH/eglibc-2.19/elf/../sysdeps/x86_64/dl-trampoline.S
fn=_dl_runtime_resolve
34 33 1 1 0 0 0 0 0 0
36 33 0 0 0 0 0 33 2 2
37 33 0 0 0 0 0 33 0 0
38 33 1 1 0 0 0 33 0 0
39 33 0 0 0 0 0 33 0 0
40 33 0 0 0 0 0 33 0 0
41 33 0 0 0 0 0 33 0 0
42 33 0 0 0 0 0 33 0 0
43 33 0 0 33 0 0 0 0 0
44 33 0 0 33 0 0 0 0 0
45 33 0 0 0 0 0 33 0 0
46 33 0 0 0 0 0 0 0 0
47 33 0 0 33 0 0 0 0 0
48 33 0 0 33 0 0 0 0 0
49 33 0 0 33 0 0 0 0 0
50 33 0 0 33 0 0 0 0 0
51 33 1 1 33 0 0 0 0 0
52 33 0 0 33 0 0 0 0 0
53 33 0 0 33 0 0 0 0 0
54 33 0 0 0 0 0 0 0 0
56 33 0 0 0 0 0 0 0 0
fl=/build/eglibc-SvCtMH/eglibc-2.19/elf/dl-addr.c
fn=_dl_addr
30 2 0 0 1 0 0 1 0 0
31 2 0 0 1 0 0 1 0 0
34 2 0 0 1 0 0 0 0 0
38 1 0 0 1 0 0 0 0 0
39 1 0 0 1 0 0 0 0 0
40 3 1 1 2 0 0 1 0 0
42 2 0 0 2 0 0 0 0 0
45 2 0 0 1 1 0 0 0 0
50 2029 0 0 2 0 0 0 0 0
52 1011 1 1 1011 63 18 0 0 0
53 2022 0 0 0 0 0 0 0 0
55 4930 0 0 905 0 0 0 0 0
61 11075 0 0 2215 475 423 0 0 0
63 8860 1 1 2215 0 0 0 0 0
64 16270 0 0 5089 353 314 0 0 0
69 2215 0 0 0 0 0 0 0 0
71 7656 1 1 2215 134 74 0 0 0
99 3 0 0 1 1 0 0 0 0
100 1 0 0 0 0 0 1 1 0
101 3 1 1 1 0 0 0 0 0
104 2 0 0 0 0 0 0 0 0
116 1 1 1 0 0 0 1 0 0
117 1 0 0 0 0 0 1 0 0
126 11 1 1 0 0 0 8 0 0
131 3 1 1 2 0 0 1 0 0
133 2 0 0 0 0 0 1 0 0
135 2 0 0 0 0 0 0 0 0
138 2 1 1 0 0 0 0 0 0
141 3 0 0 2 2 0 1 0 0
144 9 1 1 7 1 0 0 0 0
fl=/build/eglibc-SvCtMH/eglibc-2.19/elf/dl-altinit.c
fn=dlinit_alt
33 3 0 0 2 0 0 0 0 0
34 1 0 0 1 0 0 0 0 0
fl=/build/eglibc-SvCtMH/eglibc-2.19/elf/dl-cache.c
fn=_dl_cache_libcmp
138 99 1 1 66 25 25 0 0 0
139 364 0 0 0 0 0 0 0 0
141 537 0 0 0 0 0 0 0 0
143 185 1 1 0 0 0 0 0 0
149 9 0 0 0 0 0 0 0 0
150 6 0 0 0 0 0 0 0 0
151 12 0 0 3 0 0 0 0 0
153 15 1 1 3 0 0 0 0 0
155 6 0 0 0 0 0 0 0 0
161 352 1 1 0 0 0 0 0 0
163 644 0 0 292 2 2 0 0 0
164 30 0 0 0 0 0 0 0 0
167 146 0 0 0 0 0 0 0 0
168 146 0 0 0 0 0 0 0 0
171 6 0 0 0 0 0 0 0 0
172 66 0 0 33 0 0 0 0 0
fn=_dl_load_cache_lookup
182 24 1 1 0 0 0 18 0 0
190 6 0 0 3 0 0 0 0 0
193 9 0 0 3 0 0 0 0 0
196 5 1 1 0 0 0 1 1 1
204 5 1 1 1 0 0 0 0 0
205 6 0 0 0 0 0 1 0 0
209 1 0 0 0 0 0 1 0 0
212 4 0 0 1 0 0 0 0 0
215 2 0 0 0 0 0 1 0 0
216 3 1 1 0 0 0 0 0 0
217 5 0 0 0 0 0 1 0 0
219 2 0 0 0 0 0 0 0 0
238 8 0 0 2 0 0 0 0 0
244 9 1 1 3 0 0 0 0 0
253 15 0 0 6 0 0 3 0 0
259 12 1 1 0 0 0 6 0 0
263 21 0 0 6 0 0 6 0 0
264 18 0 0 9 0 0 0 0 0
278 757 9 9 96 24 24 36 0 0
294 6 1 1 3 0 0 0 0 0
299 27 0 0 21 0 0 0 0 0
fn=_dl_unload_cache
308 1 0 0 0 0 0 0 0 0
309 4 1 1 1 1 0 0 0 0
311 2 0 0 1 1 0 1 0 0
312 1 0 0 0 0 0 1 0 0
314 2 0 0 1 0 0 0 0 0
fl=/build/eglibc-SvCtMH/eglibc-2.19/elf/dl-debug.c
fn=_dl_debug_initialize
50 12 1 1 0 0 0 0 0 0
51 6 1 1 6 0 0 0 0 0
55 22 1 1 6 1 0 0 0 0
58 1 0 0 0 0 0 1 0 0
59 2 0 0 0 0 0 1 0 0
60 6 0 0 2 0 0 1 0 0
61 2 0 0 0 0 0 1 0 0
fn=_dl_debug_state
74 2 0 0 2 0 0 0 0 0
fl=/build/eglibc-SvCtMH/eglibc-2.19/elf/dl-deps.c
fn=_dl_map_object_deps
147 11 1 1 0 0 0 9 0 0
148 9 1 1 0 0 0 1 0 0
160 6 0 0 0 0 0 2 0 0
161 2 0 0 0 0 0 2 0 0
162 10 3 3 0 0 0 3 0 0
164 1 0 0 0 0 0 0 0 0
168 8 0 0 2 0 0 2 0 0
178 8 0 0 1 0 0 0 0 0
179 1 0 0 1 0 0 0 0 0
182 3 0 0 0 0 0 2 0 0
188 1 0 0 0 0 0 1 0 0
189 1 0 0 0 0 0 1 0 0
201 2 0 0 1 0 0 1 0 0
202 1 0 0 0 0 0 0 0 0
203 1 0 0 0 0 0 1 0 0
204 2 1 1 0 0 0 2 0 0
209 6 0 0 0 0 0 0 0 0
210 6 0 0 0 0 0 0 0 0
213 6 0 0 0 0 0 6 0 0
217 24 1 1 12 0 0 0 0 0
218 27 0 0 11 0 0 0 0 0
220 4 0 0 0 0 0 0 0 0
222 12 1 1 8 0 0 0 0 0
224 39 1 1 3 0 0 6 0 0
229 20 0 0 10 1 0 0 0 0
231 12 0 0 8 0 0 4 0 0
236 4 0 0 0 0 0 4 0 0
237 4 0 0 0 0 0 4 0 0
238 8 1 1 4 0 0 4 0 0
239 8 0 0 4 0 0 4 0 0
242 460 0 0 120 2 0 4 0 0
243 216 1 1 0 0 0 0 0 0
249 56 0 0 16 0 0 8 0 0
251 8 0 0 0 0 0 8 0 0
254 48 1 1 32 0 0 8 0 0
256 24 0 0 8 0 0 0 0 0
271 8 0 0 8 0 0 0 0 0
273 16 1 1 8 0 0 0 0 0
278 12 0 0 0 0 0 0 0 0
281 4 0 0 0 0 0 4 1 1
282 4 0 0 0 0 0 4 0 0
283 4 0 0 0 0 0 4 0 0
284 8 0 0 4 0 0 4 0 0
286 16 0 0 4 0 0 4 0 0
288 20 1 1 4 0 0 8 0 0
292 16 0 0 0 0 0 0 0 0
293 15 0 0 0 0 0 5 0 0
295 300 1 1 0 0 0 0 0 0
343 9 1 1 0 0 0 4 0 0
471 12 0 0 0 0 0 0 0 0
473 12 1 1 0 0 0 4 0 0
475 8 0 0 0 0 0 4 0 0
476 8 0 0 0 0 0 0 0 0
477 8 0 0 0 0 0 0 0 0
480 4 0 0 0 0 0 4 1 1
481 24 0 0 0 0 0 4 0 0
482 20 0 0 0 0 0 4 0 0
485 4 0 0 0 0 0 4 0 0
486 4 0 0 4 0 0 0 0 0
490 24 1 1 12 0 0 0 0 0
492 6 1 1 6 0 0 0 0 0
493 27 0 0 5 0 0 0 0 0
497 6 0 0 2 0 0 0 0 0
498 2 1 1 1 0 0 1 0 0
501 5 0 0 2 0 0 1 0 0
511 2 0 0 0 0 0 1 0 0
512 3 1 1 1 0 0 0 0 0
514 2 0 0 0 0 0 0 0 0
519 7 0 0 2 0 0 1 0 0
520 4 1 1 1 0 0 1 0 0
522 33 1 1 13 0 0 1 0 0
528 18 0 0 6 0 0 6 1 1
532 12 0 0 12 0 0 0 0 0
535 2 0 0 1 0 0 0 0 0
586 6 0 0 3 0 0 1 0 0
587 1 0 0 0 0 0 1 0 0
588 3 0 0 1 0 0 0 0 0
623 7 2 2 1 0 0 2 0 0
625 3 0 0 0 0 0 0 0 0
629 22 1 1 10 0 0 3 0 0
630 8 2 2 0 0 0 2 0 0
631 3 0 0 1 0 0 1 0 0
635 5 0 0 5 0 0 0 0 0
636 10 0 0 5 0 0 0 0 0
642 39 0 0 5 0 0 0 0 0
644 40 1 1 20 0 0 0 0 0
645 24 0 0 0 0 0 0 0 0
647 63 0 0 21 0 0 0 0 0
648 45 0 0 0 0 0 0 0 0
658 2 1 1 2 0 0 0 0 0
670 10 0 0 0 0 0 0 0 0
673 15 0 0 5 0 0 0 0 0
676 67 0 0 17 0 0 17 0 0
683 2 0 0 1 0 0 1 0 0
685 2 0 0 1 0 0 1 0 0
686 1 0 0 1 0 0 0 0 0
687 3 1 1 1 0 0 0 0 0
694 3 0 0 1 0 0 0 0 0
697 2 0 0 0 0 0 0 0 0
700 8 0 0 7 0 0 0 0 0
fn=openaux
60 16 1 1 0 0 0 8 0 0
63 80 1 1 32 0 0 16 0 0
64 16 0 0 8 0 0 0 0 0
67 8 0 0 8 0 0 0 0 0
68 16 0 0 16 0 0 0 0 0
fl=/build/eglibc-SvCtMH/eglibc-2.19/elf/dl-environ.c
fn=_dl_next_ld_env_entry
30 3 1 1 3 0 0 0 0 0
31 1 0 0 0 0 0 0 0 0
33 212 0 0 70 0 0 0 0 0
35 138 1 1 69 33 33 0 0 0
36 40 0 0 19 0 0 0 0 0
38 2 0 0 0 0 0 0 0 0
41 4 0 0 0 0 0 2 0 0
43 2 0 0 2 0 0 0 0 0
46 67 0 0 0 0 0 0 0 0
50 1 0 0 1 0 0 0 0 0
fl=/build/eglibc-SvCtMH/eglibc-2.19/elf/dl-error.c
fn=_dl_catch_error
163 36 1 1 0 0 0 27 0 0
175 18 0 0 0 0 0 18 4 4
176 18 1 1 0 0 0 18 0 0
177 18 0 0 0 0 0 18 0 0
178 18 0 0 0 0 0 9 1 1
180 18 0 0 9 0 0 18 0 0
181 18 0 0 9 0 0 9 0 0
182 18 0 0 0 0 0 9 0 0
185 54 1 1 0 0 0 9 0 0
187 27 0 0 18 0 0 9 0 0
188 27 0 0 18 0 0 9 0 0
189 18 0 0 9 0 0 9 0 0
190 18 0 0 9 0 0 9 0 0
191 18 1 1 9 0 0 9 0 0
199 36 0 0 18 0 0 0 0 0
fn=_dl_receive_error
205 10 0 0 0 0 0 6 0 0
206 2 0 0 1 0 0 1 0 0
210 1 0 0 1 0 0 0 0 0
211 1 1 1 1 0 0 0 0 0
214 1 0 0 0 0 0 1 0 0
215 1 0 0 0 0 0 1 0 0
217 2 0 0 0 0 0 1 0 0
219 1 0 0 0 0 0 1 0 0
220 1 0 0 0 0 0 1 0 0
221 8 0 0 7 0 0 0 0 0
fl=/build/eglibc-SvCtMH/eglibc-2.19/elf/dl-fini.c
fn=_dl_fini
131 8 1 1 0 0 0 6 0 0
143 1 0 0 0 0 0 0 0 0
144 1 0 0 0 0 0 1 0 0
150 1 0 0 0 0 0 1 0 0
153 12 1 1 2 1 1 2 0 0
156 2 1 1 1 1 1 1 0 0
159 2 0 0 2 1 1 0 0 0
162 2 0 0 0 0 0 0 0 0
164 6 0 0 3 0 0 0 0 0
171 2 0 0 1 0 0 0 0 0
175 4 1 1 1 0 0 0 0 0
177 2 0 0 1 0 0 0 0 0
180 9 0 0 0 0 0 1 0 0
183 2 0 0 0 0 0 1 0 0
191 18 0 0 6 0 0 0 0 0
193 12 1 1 6 0 0 0 0 0
195 12 0 0 6 0 0 0 0 0
197 18 0 0 6 0 0 6 0 0
198 6 0 0 0 0 0 6 4 4
199 6 0 0 6 0 0 0 0 0
203 6 0 0 6 0 0 0 0 0
205 2 1 1 1 0 0 0 0 0
210 6 0 0 2 0 0 1 0 0
219 2 0 0 1 0 0 1 0 0
223 17 0 0 7 0 0 0 0 0
225 6 0 0 6 0 0 0 0 0
227 18 1 1 6 0 0 0 0 0
230 12 0 0 0 0 0 6 0 0
233 18 0 0 6 3 3 0 0 0
234 4 1 1 2 2 2 0 0 0
237 8 0 0 4 0 0 0 0 0
244 8 0 0 0 0 0 0 0 0
248 8 0 0 8 3 3 0 0 0
249 4 0 0 4 0 0 0 0 0
250 8 1 1 4 0 0 0 0 0
251 28 0 0 0 0 0 0 0 0
252 10 0 0 5 4 4 5 0 0
256 12 0 0 4 3 3 0 0 0
257 12 0 0 8 4 4 4 0 0
262 36 1 1 12 1 1 0 0 0
278 12 0 0 6 0 0 0 0 0
283 6 0 0 2 0 0 0 0 0
289 2 1 1 1 0 0 0 0 0
296 8 0 0 7 0 0 0 0 0
fn=_dl_sort_fini
32 13 2 2 0 0 0 10 0 0
34 2 0 0 0 0 0 0 0 0
39 4 0 0 0 0 0 1 0 0
40 6 1 1 0 0 0 1 0 0
41 3 0 0 1 0 0 1 0 0
45 15 0 0 5 0 0 5 0 0
46 15 0 0 5 0 0 0 0 0
50 25 1 1 10 0 0 0 0 0
56 18 0 0 6 0 0 1 0 0
57 34 0 0 0 0 0 0 0 0
59 40 0 0 20 2 2 0 0 0
60 24 0 0 0 0 0 0 0 0
62 63 0 0 21 3 3 0 0 0
63 45 0 0 0 0 0 0 0 0
93 30 1 1 10 0 0 0 0 0
114 10 0 0 0 0 0 0 0 0
118 26 0 0 5 0 0 0 0 0
121 53 1 1 21 0 0 12 0 0
125 8 1 1 7 0 0 0 0 0
fl=/build/eglibc-SvCtMH/eglibc-2.19/elf/dl-hwcaps.c
fn=_dl_important_hwcaps
39 12 1 1 0 0 0 10 2 2
41 1 0 0 1 0 0 0 0 0
42 4 0 0 0 0 0 1 0 0
51 3 1 1 1 0 0 0 0 0
61 4 1 1 1 0 0 1 0 0
92 2 1 1 0 0 0 0 0 0
113 1 1 1 0 0 0 0 0 0
115 5 0 0 0 0 0 1 0 0
130 6 1 1 0 0 0 0 0 0
131 2 0 0 0 0 0 0 0 0
133 2 0 0 0 0 0 0 0 0
145 2 1 1 0 0 0 0 0 0
162 2 1 1 0 0 0 0 0 0
170 2 1 1 1 0 0 0 0 0
172 4 0 0 1 0 0 1 0 0
173 4 0 0 1 0 0 1 0 0
177 3 1 1 0 0 0 1 0 0
178 1 0 0 0 0 0 1 0 0
181 2 0 0 0 0 0 0 0 0
184 2 0 0 0 0 0 0 0 0
188 12 1 1 2 0 0 3 0 0
189 2 0 0 0 0 0 0 0 0
207 12 2 2 1 0 0 6 0 0
208 5 0 0 0 0 0 1 0 0
209 4 1 1 2 0 0 0 0 0
238 3 0 0 0 0 0 2 0 0
241 2 0 0 0 0 0 0 0 0
243 5 1 1 2 0 0 2 0 0
244 7 0 0 2 0 0 4 0 0
269 19 2 2 3 0 0 0 0 0
270 8 0 0 0 0 0 4 0 0
274 12 1 1 0 0 0 0 0 0
277 28 0 0 0 0 0 0 0 0
278 24 1 1 0 0 0 0 0 0
279 12 0 0 8 0 0 0 0 0
281 4 0 0 0 0 0 0 0 0
284 3 0 0 1 0 0 0 0 0
285 1 0 0 0 0 0 0 0 0
286 12 1 1 3 0 0 0 0 0
299 6 0 0 2 0 0 2 0 0
300 2 0 0 0 0 0 0 0 0
302 4 0 0 0 0 0 0 0 0
305 3 0 0 2 0 0 1 0 0
307 1 0 0 0 0 0 0 0 0
308 8 0 0 7 0 0 0 0 0
fl=/build/eglibc-SvCtMH/eglibc-2.19/elf/dl-init.c
fn=_dl_init
36 40 1 1 7 0 0 6 0 0
86 11 1 1 0 0 0 6 0 0
87 1 0 0 1 1 0 0 0 0
88 1 0 0 1 0 0 0 0 0
91 3 1 1 1 0 0 0 0 0
94 2 0 0 0 0 0 1 0 0
98 4 0 0 1 0 0 0 0 0
125 21 0 0 0 0 0 0 0 0
126 18 0 0 12 0 0 0 0 0
132 8 0 0 7 0 0 0 0 0
fn=call_init.part.0
34 54 1 1 0 0 0 30 0 0
42 18 0 0 6 0 0 6 0 0
45 24 0 0 12 1 0 0 0 0
46 3 0 0 0 0 0 0 0 0
50 15 0 0 5 3 0 0 0 0
51 2 0 0 1 1 0 0 0 0
55 8 1 1 4 0 0 0 0 0
63 8 0 0 0 0 0 0 0 0
64 24 0 0 8 4 0 4 0 0
67 4 0 0 4 2 0 0 0 0
68 8 0 0 0 0 0 0 0 0
74 12 0 0 8 2 0 0 0 0
76 8 0 0 8 1 0 0 0 0
77 36 1 1 0 0 0 0 0 0
78 40 0 0 8 2 0 8 0 0
80 36 1 1 36 0 0 0 0 0
fl=/build/eglibc-SvCtMH/eglibc-2.19/elf/dl-load.c
fn=_dl_init_paths
714 9 2 2 0 0 0 6 0 0
727 6 0 0 2 0 0 2 0 0
731 1 0 0 0 0 0 1 0 0
732 3 0 0 0 0 0 1 0 0
733 2 0 0 0 0 0 0 0 0
740 5 1 1 0 0 0 0 0 0
741 5 0 0 1 0 0 2 0 0
744 1 0 0 0 0 0 1 0 0
745 2 0 0 0 0 0 1 0 0
747 3 1 1 1 0 0 0 0 0
753 1 0 0 0 0 0 1 0 0
754 1 0 0 0 0 0 1 0 0
762 13 0 0 0 0 0 3 1 1
764 8 0 0 0 0 0 4 0 0
765 7 0 0 0 0 0 4 3 3
767 8 2 2 0 0 0 4 0 0
768 14 0 0 3 1 1 4 1 1
769 33 1 1 4 0 0 13 0 0
772 9 0 0 3 1 1 0 0 0
776 27 0 0 15 0 0 5 0 0
782 1 0 0 0 0 0 1 1 1
783 1 0 0 0 0 0 1 0 0
787 1 1 1 1 0 0 0 0 0
788 2 0 0 0 0 0 0 0 0
790 4 1 1 1 0 0 0 0 0
792 3 0 0 1 0 0 0 0 0
809 1 1 1 0 0 0 1 0 0
811 3 1 1 1 0 0 0 0 0
825 2 1 1 0 0 0 1 0 0
830 4 1 1 1 0 0 0 0 0
838 5 0 0 0 0 0 1 0 0
840 11 1 1 0 0 0 2 0 0
856 2 0 0 0 0 0 0 0 0
857 46 0 0 15 0 0 0 0 0
859 14 1 1 0 0 0 0 0 0
860 42 0 0 0 0 0 0 0 0
861 14 0 0 0 0 0 0 0 0
864 1 0 0 0 0 0 1 0 0
865 1 0 0 0 0 0 1 0 0
866 2 0 0 0 0 0 0 0 0
872 8 1 1 1 0 0 2 0 0
876 3 0 0 2 0 0 0 0 0
882 1 0 0 0 0 0 1 0 0
886 8 0 0 7 0 0 0 0 0
fn=_dl_map_object
161 12 0 0 0 0 0 6 0 0
162 6 1 1 0 0 0 3 0 0
164 9 0 0 3 0 0 0 0 0
167 12 0 0 3 0 0 3 0 0
691 27 2 2 9 0 0 0 0 0
2317 90 1 1 0 0 0 72 5 5
2324 18 0 0 0 0 0 0 0 0
2325 18 1 1 9 1 1 0 0 0
2328 171 0 0 39 0 0 0 0 0
2333 105 1 1 35 0 0 0 0 0
2334 70 0 0 0 0 0 0 0 0
2336 180 0 0 0 0 0 35 1 1
2340 60 0 0 30 0 0 0 0 0
2341 90 1 1 30 0 0 0 0 0
2344 15 0 0 15 0 0 0 0 0
2345 30 0 0 30 0 0 0 0 0
2346 60 0 0 0 0 0 15 0 0
2362 8 1 1 4 0 0 0 0 0
2372 24 0 0 4 0 0 4 0 0
2396 4 0 0 0 0 0 4 2 2
2398 20 0 0 0 0 0 4 0 0
2402 12 2 2 0 0 0 6 0 0
2404 6 0 0 3 0 0 0 0 0
2411 12 0 0 3 0 0 0 0 0
2415 6 1 1 3 0 0 3 0 0
2416 9 0 0 0 0 0 3 0 0
2420 9 0 0 3 0 0 0 0 0
2421 3 0 0 0 0 0 0 0 0
2423 33 1 1 0 0 0 12 0 0
2435 12 1 1 9 0 0 0 0 0
2436 21 2 2 6 0 0 0 0 0
2437 3 0 0 0 0 0 0 0 0
2446 6 0 0 3 0 0 0 0 0
2447 54 2 2 6 0 0 12 0 0
2453 18 0 0 0 0 0 6 0 0
2454 3 0 0 0 0 0 0 0 0
2456 6 1 1 3 0 0 3 0 0
2462 12 0 0 0 0 0 3 0 0
2464 9 1 1 3 0 0 0 0 0
2468 9 0 0 0 0 0 6 0 0
2470 6 0 0 0 0 0 0 0 0
2474 9 0 0 3 0 0 0 0 0
2482 6 0 0 3 0 0 0 0 0
2504 27 1 1 6 0 0 3 0 0
2507 9 0 0 0 0 0 3 0 0
2509 3 0 0 0 0 0 3 0 0
2510 9 0 0 3 0 0 0 0 0
2530 6 1 1 3 0 0 0 0 0
2536 1 0 0 0 0 0 1 0 0
2538 6 1 1 0 0 0 1 0 0
2539 3 0 0 0 0 0 0 0 0
2540 1 0 0 0 0 0 0 0 0
2543 7 0 0 0 0 0 1 0 0
2546 2 1 1 0 0 0 0 0 0
2558 16 0 0 4 0 0 0 0 0
2560 8 0 0 0 0 0 0 0 0
2604 8 0 0 4 0 0 4 0 0
2605 48 1 1 8 0 0 16 0 0
2607 72 0 0 63 0 0 0 0 0
fn=_dl_map_object_from_fd
474 4 1 1 2 0 0 0 0 0
923 60 2 2 0 0 0 40 2 2
934 16 0 0 4 0 0 8 1 1
935 4 1 1 0 0 0 4 0 0
938 24 1 1 0 0 0 4 0 0
949 70 0 0 22 0 0 0 0 0
950 68 1 1 36 1 1 0 0 0
967 8 1 1 4 0 0 0 0 0
992 8 0 0 4 0 0 0 0 0
1002 8 0 0 4 0 0 0 0 0
1024 16 0 0 8 0 0 0 0 0
1056 8 0 0 0 0 0 0 0 0
1059 32 0 0 16 0 0 4 0 0
1060 8 0 0 0 0 0 0 0 0
1071 12 1 1 8 0 0 4 3 3
1072 12 0 0 8 0 0 4 0 0
1073 8 0 0 4 0 0 4 0 0
1075 20 0 0 0 0 0 0 0 0
1076 16 1 1 8 0 0 0 0 0
1077 4 0 0 0 0 0 0 0 0
1092 4 0 0 0 0 0 4 0 0
1101 48 1 1 8 0 0 12 0 0
1102 4 0 0 0 0 0 0 0 0
1103 4 0 0 0 0 0 0 0 0
1109 284 0 0 0 0 0 0 0 0
1110 272 1 1 34 0 0 0 0 0
1116 8 0 0 4 0 0 4 0 0
1117 12 1 1 4 0 0 4 0 0
1118 4 0 0 0 0 0 0 0 0
1121 4 0 0 2 0 0 2 0 0
1122 2 0 0 0 0 0 0 0 0
1127 40 1 1 16 0 0 0 0 0
1133 48 1 1 16 0 0 0 0 0
1134 8 0 0 0 0 0 0 0 0
1141 40 0 0 8 0 0 0 0 0
1142 32 1 1 0 0 0 8 3 3
1143 24 0 0 8 0 0 0 0 0
1144 16 0 0 0 0 0 8 1 1
1145 8 0 0 0 0 0 8 0 0
1146 16 0 0 8 0 0 8 1 1
1147 16 0 0 0 0 0 8 0 0
1151 16 0 0 0 0 0 0 0 0
1152 12 0 0 4 0 0 0 0 0
1157 56 0 0 8 0 0 8 1 1
1167 8 0 0 0 0 0 0 0 0
1170 6 1 1 2 0 0 0 0 0
1174 2 0 0 0 0 0 2 2 2
1175 4 0 0 2 0 0 2 1 1
1176 4 0 0 0 0 0 0 0 0
1177 2 0 0 0 0 0 0 0 0
1179 6 0 0 2 0 0 2 0 0
1180 4 1 1 2 0 0 2 0 0
1183 4 0 0 2 0 0 2 0 0
1187 8 0 0 2 0 0 0 0 0
1193 6 0 0 2 0 0 4 2 2
1194 2 0 0 0 0 0 0 0 0
1198 16 0 0 4 0 0 4 0 0
1206 20 1 1 0 0 0 0 0 0
1250 8 1 1 4 0 0 4 0 0
1251 16 1 1 0 0 0 0 0 0
1254 8 0 0 4 0 0 4 0 0
1255 12 0 0 8 0 0 4 0 0
1256 4 0 0 0 0 0 0 0 0
1259 12 0 0 0 0 0 0 0 0
1272 32 1 1 20 0 0 4 0 0
1274 8 0 0 4 0 0 0 0 0
1288 4 0 0 4 0 0 0 0 0
1293 28 1 1 16 0 0 8 2 2
1297 8 0 0 0 0 0 0 0 0
1304 12 0 0 4 0 0 4 0 0
1305 12 0 0 8 0 0 4 0 0
1307 8 1 1 0 0 0 0 0 0
1313 24 1 1 4 0 0 4 0 0
1314 4 2 1 4 0 0 0 0 0
1317 4 0 0 4 0 0 0 0 0
1319 4 0 0 4 0 0 0 0 0
1340 40 1 1 8 0 0 0 0 0
1342 16 0 0 8 0 0 0 0 0
1344 40 0 0 16 0 0 4 0 0
1352 24 0 0 8 0 0 0 0 0
1353 12 0 0 8 0 0 4 0 0
1355 16 0 0 8 0 0 0 0 0
1356 10 1 1 6 0 0 0 0 0
1357 12 0 0 4 0 0 0 0 0
1358 10 1 1 2 0 0 0 0 0
1360 8 0 0 0 0 0 2 0 0
1363 32 1 1 16 0 0 0 0 0
1369 8 0 0 4 0 0 0 0 0
1370 4 0 0 0 0 0 0 0 0
1371 20 0 0 4 0 0 0 0 0
1372 8 0 0 0 0 0 0 0 0
1379 8 0 0 0 0 0 0 0 0
1382 8 0 0 0 0 0 0 0 0
1393 28 0 0 0 0 0 12 0 0
1394 20 0 0 12 0 0 0 0 0
1399 8 0 0 0 0 0 0 0 0
1403 16 0 0 2 0 0 2 0 0
1406 4 0 0 0 0 0 0 0 0
1414 8 1 1 0 0 0 0 0 0
1418 16 0 0 8 0 0 0 0 0
1427 12 0 0 4 0 0 4 0 0
1433 8 0 0 0 0 0 0 0 0
1449 12 0 0 4 0 0 0 0 0
1468 8 0 0 4 0 0 4 0 0
1470 20 1 1 8 0 0 0 0 0
1525 12 0 0 4 2 2 0 0 0
1526 4 0 0 2 0 0 2 0 0
1529 16 0 0 4 0 0 4 0 0
1537 28 3 3 4 0 0 0 0 0
1540 16 0 0 8 0 0 4 0 0
1542 8 0 0 4 0 0 0 0 0
1558 8 1 1 0 0 0 4 0 0
1562 8 0 0 4 0 0 0 0 0
1563 8 0 0 4 0 0 0 0 0
1580 8 0 0 4 0 0 0 0 0
1581 2 0 0 0 0 0 2 0 0
1584 8 0 0 4 0 0 4 0 0
1585 8 1 1 4 0 0 4 0 0
1589 8 0 0 4 0 0 0 0 0
1599 12 0 0 4 0 0 4 0 0
1603 16 0 0 4 0 0 0 0 0
1623 32 1 1 28 0 0 0 0 0
fn=expand_dynamic_string_token
161 6 0 0 0 0 0 2 0 0
162 4 0 0 0 0 0 2 0 0
164 4 0 0 0 0 0 0 0 0
167 8 1 1 0 0 0 0 0 0
415 16 2 2 0 0 0 10 0 0
425 10 0 0 0 0 0 2 0 0
440 10 0 0 10 0 0 0 0 0
fn=fillin_rpath
486 17 2 2 0 0 0 12 0 0
488 1 0 0 0 0 0 0 0 0
491 7 0 0 0 0 0 2 0 0
495 5 1 1 1 0 0 1 0 0
497 3 0 0 0 0 0 1 0 0
501 2 0 0 0 0 0 0 0 0
508 8 1 1 1 0 0 0 0 0
513 2 1 1 0 0 0 1 0 0
516 5 0 0 1 0 0 0 0 0
523 18 2 2 5 0 0 1 0 0
524 8 0 0 4 0 0 0 0 0
542 4 1 1 1 0 0 1 0 0
545 2 0 0 0 0 0 1 0 0
546 4 1 1 2 0 0 1 0 0
547 4 0 0 0 0 0 2 0 0
548 4 0 0 2 0 0 0 0 0
552 1 0 0 0 0 0 1 1 1
553 1 0 0 0 0 0 0 0 0
554 5 0 0 0 0 0 3 0 0
555 1 0 0 0 0 0 1 0 0
557 3 1 1 2 0 0 0 0 0
563 4 0 0 1 0 0 0 0 0
564 14 1 1 0 0 0 0 0 0
565 10 0 0 0 0 0 2 0 0
567 2 0 0 1 0 0 1 0 0
568 2 1 1 1 0 0 0 0 0
573 2 1 1 0 0 0 1 0 0
575 2 0 0 1 0 0 1 0 0
576 1 1 1 0 0 0 1 0 0
579 3 0 0 0 0 0 1 0 0
581 4 0 0 2 0 0 1 0 0
585 1 0 0 0 0 0 1 0 0
588 9 0 0 7 0 0 0 0 0
fn=open_path
2168 42 2 2 0 0 0 36 2 2
2169 6 0 0 3 0 0 3 0 0
2172 3 0 0 0 0 0 3 0 0
2173 3 0 0 0 0 0 3 0 0
2175 6 0 0 0 0 0 0 0 0
2180 24 1 1 6 0 0 0 0 0
2183 3 0 0 3 0 0 0 0 0
2187 6 0 0 0 0 0 0 0 0
2192 6 0 0 3 0 0 0 0 0
2199 15 1 1 6 0 0 6 1 1
2200 56 0 0 5 0 0 0 0 0
2203 24 1 1 12 0 0 0 0 0
2207 78 1 1 36 0 0 12 0 0
2210 6 0 0 0 0 0 0 0 0
2213 12 0 0 6 0 0 0 0 0
2216 42 0 0 24 0 0 6 0 0
2218 18 0 0 6 0 0 0 0 0
2220 8 0 0 0 0 0 0 0 0
2225 8 1 1 4 0 0 0 0 0
2226 36 1 1 16 0 0 0 0 0
2232 27 0 0 7 0 0 7 0 0
2234 24 0 0 4 0 0 4 0 0
2235 2 0 0 1 1 1 0 0 0
2237 21 1 1 4 0 0 4 0 0
2244 16 0 0 0 0 0 0 0 0
2246 6 0 0 0 0 0 0 0 0
2254 6 0 0 0 0 0 3 0 0
2282 3 0 0 0 0 0 0 0 0
2285 15 1 1 3 0 0 0 0 0
2290 3 0 0 3 0 0 0 0 0
2292 12 0 0 9 0 0 0 0 0
2295 9 1 1 3 0 0 0 0 0
2309 27 1 1 21 0 0 0 0 0
fn=open_verify
1873 12 1 1 0 0 0 8 0 0
1909 3 0 0 1 0 0 0 0 0
1930 5 1 1 1 0 0 2 0 0
1931 2 0 0 0 0 0 0 0 0
1941 1 0 0 0 0 0 1 0 0
1942 2 0 0 0 0 0 1 0 0
1947 6 1 1 1 0 0 1 0 0
1949 2 0 0 0 0 0 0 0 0
1951 3 0 0 1 0 0 1 0 0
1953 2 0 0 0 0 0 0 0 0
1959 2 0 0 0 0 0 0 0 0
1975 11 1 1 0 0 0 1 0 0
1977 1 0 0 1 0 0 0 0 0
1979 4 0 0 0 0 0 1 0 0
2006 3 1 1 2 0 0 0 0 0
2050 2 0 0 1 0 0 0 0 0
2055 2 1 1 1 0 0 0 0 0
2058 4 0 0 1 0 0 0 0 0
2063 2 0 0 1 0 0 0 0 0
2070 5 0 0 1 0 0 0 0 0
2071 4 1 1 1 0 0 0 0 0
2072 1 0 0 0 0 0 0 0 0
2087 61 0 0 0 0 0 0 0 0
2089 19 1 1 9 6 6 0 0 0
2093 4 0 0 2 0 0 0 0 0
2094 2 0 0 0 0 0 0 0 0
2103 6 2 2 0 0 0 1 0 0
2106 1 0 0 0 0 0 0 0 0
2107 3 0 0 1 0 0 0 0 0
2108 3 0 0 1 0 0 0 0 0
2110 3 0 0 0 0 0 0 0 0
2154 8 1 1 7 0 0 0 0 0
fn=open_verify.constprop.6
1871 99 1 1 0 0 0 63 2 2
1909 27 0 0 9 0 0 0 0 0
1930 45 0 0 9 0 0 18 0 0
1931 18 1 1 0 0 0 0 0 0
1941 3 0 0 0 0 0 3 0 0
1942 6 0 0 0 0 0 3 1 1
1947 18 0 0 3 0 0 3 0 0
1949 6 0 0 0 0 0 0 0 0
1951 9 0 0 3 0 0 3 0 0
1953 6 1 1 0 0 0 0 0 0
1959 6 0 0 0 0 0 0 0 0
1975 33 0 0 0 0 0 3 0 0
1977 3 0 0 3 0 0 0 0 0
1979 12 1 1 0 0 0 3 0 0
2005 2 1 1 1 0 0 0 0 0
2050 6 0 0 3 0 0 0 0 0
2055 6 0 0 3 0 0 0 0 0
2058 12 1 1 3 0 0 0 0 0
2063 6 0 0 3 1 1 0 0 0
2070 21 1 1 3 0 0 0 0 0
2071 12 0 0 3 0 0 0 0 0
2072 3 0 0 0 0 0 0 0 0
2087 160 0 0 1 0 0 0 0 0
2089 55 1 1 26 6 6 0 0 0
2093 12 0 0 6 0 0 0 0 0
2094 6 0 0 0 0 0 0 0 0
2103 30 1 1 0 0 0 5 0 0
2106 3 0 0 0 0 0 0 0 0
2107 9 0 0 3 0 0 0 0 0
2108 9 0 0 3 0 0 0 0 0
2110 9 0 0 0 0 0 0 0 0
2115 2 0 0 0 0 0 0 0 0
2116 2 0 0 0 0 0 0 0 0
2119 4 1 1 0 0 0 0 0 0
2122 6 0 0 2 0 0 0 0 0
2123 10 0 0 2 0 0 0 0 0
2124 4 0 0 2 0 0 0 0 0
2125 6 0 0 2 0 0 0 0 0
2126 12 0 0 4 0 0 0 0 0
2131 6 1 1 0 0 0 0 0 0
2154 72 0 0 63 0 0 0 0 0
fl=/build/eglibc-SvCtMH/eglibc-2.19/elf/dl-lookup.c
fn=_dl_lookup_symbol_x
475 278 1 1 0 0 0 0 0 0
476 8650 0 0 2093 120 116 139 0 0
477 7816 0 0 0 0 0 0 0 0
714 1946 1 1 0 0 0 1112 8 4
716 278 1 1 0 0 0 139 2 2
717 278 0 0 0 0 0 278 0 0
720 139 0 0 139 4 2 0 0 0
724 526 0 0 124 0 0 0 0 0
728 278 1 1 0 0 0 139 0 0
729 278 0 0 139 0 0 0 0 0
731 278 0 0 278 8 3 0 0 0
735 1164 1 1 13 0 0 278 0 0
737 1807 1 1 834 0 0 973 7 4
740 278 0 0 0 0 0 0 0 0
743 13 0 0 0 0 0 0 0 0
766 278 0 0 139 0 0 0 0 0
768 91 2 2 26 0 0 0 0 0
784 13 0 0 0 0 0 13 0 0
785 26 0 0 0 0 0 0 0 0
788 126 0 0 126 0 0 0 0 0
789 882 0 0 252 0 0 0 0 0
815 126 1 1 0 0 0 0 0 0
824 630 0 0 126 0 0 0 0 0
838 378 0 0 126 12 7 0 0 0
839 2 1 1 0 0 0 1 0 0
841 504 0 0 252 0 0 0 0 0
846 126 1 1 0 0 0 126 0 0
848 1112 0 0 973 0 0 0 0 0
fn=_dl_setup_hash
859 18 1 1 6 0 0 0 0 0
863 6 0 0 6 0 0 0 0 0
867 12 0 0 6 6 6 6 1 1
868 6 0 0 6 0 0 0 0 0
869 6 0 0 6 1 1 0 0 0
871 18 0 0 0 0 0 0 0 0
872 6 0 0 0 0 0 6 0 0
873 18 1 1 6 0 0 6 0 0
875 6 0 0 0 0 0 6 0 0
876 12 0 0 0 0 0 0 0 0
878 6 0 0 0 0 0 6 0 0
879 6 0 0 0 0 0 0 0 0
880 24 0 0 0 0 0 6 0 0
881 6 0 0 6 0 0 0 0 0
fn=check_match.9481
131 882 1 1 0 0 0 504 1 0
132 252 0 0 126 44 35 0 0 0
134 504 1 1 252 17 14 0 0 0
136 378 0 0 126 0 0 0 0 0
146 378 0 0 126 0 0 126 8 6
149 600 0 0 300 0 0 58 3 2
153 252 1 1 252 6 4 0 0 0
154 378 0 0 126 0 0 0 0 0
156 248 0 0 0 0 0 0 0 0
175 248 0 0 248 36 20 0 0 0
176 992 0 0 372 18 9 0 0 0
177 620 1 1 248 6 4 124 0 0
204 4 0 0 0 0 0 0 0 0
206 12 0 0 4 1 1 0 0 0
207 8 0 0 2 0 0 0 0 0
222 882 1 1 630 0 0 0 0 0
fn=do_lookup_x
77 1112 0 0 417 0 0 695 3 2
82 1668 2 2 278 0 0 973 8 3
83 139 0 0 139 1 0 0 0 0
89 139 0 0 139 0 0 0 0 0
95 698 0 0 0 0 0 698 0 0
96 698 0 0 0 0 0 698 0 0
98 2094 0 0 1396 22 11 698 0 0
101 1396 0 0 0 0 0 0 0 0
105 1406 0 0 703 0 0 0 0 0
109 1394 1 1 697 20 11 0 0 0
113 1394 0 0 697 3 2 0 0 0
119 2091 0 0 697 14 7 0 0 0
123 1394 0 0 1394 39 18 0 0 0
124 2091 1 1 1394 5 2 697 0 0
225 697 0 0 697 0 0 0 0 0
226 1394 0 0 0 0 0 0 0 0
228 697 0 0 697 83 58 0 0 0
229 278 0 0 0 0 0 0 0 0
230 1394 0 0 697 0 0 0 0 0
232 556 1 1 0 0 0 0 0 0
233 2788 0 0 697 0 0 0 0 0
236 2788 1 1 0 0 0 0 0 0
237 2091 0 0 0 0 0 0 0 0
239 286 0 0 286 84 72 0 0 0
240 572 1 1 0 0 0 0 0 0
241 286 1 1 0 0 0 0 0 0
243 402 0 0 134 0 0 0 0 0
246 1290 0 0 258 97 84 0 0 0
248 1008 0 0 252 0 0 252 0 0
249 1008 1 1 0 0 0 630 0 0
250 630 1 1 378 0 0 0 0 0
253 396 0 0 0 0 0 0 0 0
257 571 0 0 0 0 0 571 0 0
281 1142 0 0 571 0 0 0 0 0
286 956 1 1 126 0 0 0 0 0
290 291 1 1 13 3 1 126 0 0
303 252 0 0 126 0 0 126 0 0
304 252 0 0 126 0 0 126 0 0
305 126 0 0 0 0 0 0 0 0
461 3168 0 0 1056 3 1 0 0 0
462 2002 0 0 728 0 0 728 4 3
465 1716 1 1 0 0 0 0 0 0
468 26 0 0 0 0 0 0 0 0
469 1112 0 0 973 0 0 0 0 0
fl=/build/eglibc-SvCtMH/eglibc-2.19/elf/dl-minimal.c
fn=__libc_memalign
51 128 1 1 0 0 0 64 2 2
52 158 1 1 63 0 0 0 0 0
57 3 0 0 0 0 0 1 0 0
58 3 1 1 1 0 0 0 0 0
59 1 0 0 0 0 0 0 0 0
63 96 0 0 0 0 0 32 0 0
64 32 0 0 0 0 0 0 0 0
66 208 0 0 0 0 0 0 0 0
70 16 1 1 4 0 0 0 0 0
71 12 0 0 0 0 0 0 0 0
77 28 0 0 0 0 0 4 0 0
79 20 0 0 8 0 0 0 0 0
83 12 0 0 0 0 0 4 0 0
86 32 0 0 0 0 0 32 0 0
87 32 0 0 0 0 0 32 0 0
89 244 1 1 96 0 0 0 0 0
fn=calloc
102 12 1 1 0 0 0 0 0 0
106 12 0 0 0 0 0 0 0 0
109 60 0 0 0 0 0 0 0 0
113 12 0 0 0 0 0 0 0 0
fn=free
119 2 0 0 0 0 0 1 0 0
121 2 1 1 1 0 0 0 0 0
128 2 0 0 2 0 0 0 0 0
fn=malloc
93 31 0 0 0 0 0 0 0 0
94 62 0 0 0 0 0 0 0 0
fn=strsep
338 4 1 1 2 0 0 0 0 0
340 2 0 0 2 0 0 0 0 0
341 4 0 0 0 0 0 0 0 0
345 76 1 1 15 0 0 0 0 0
350 56 0 0 28 0 0 0 0 0
352 84 0 0 28 0 0 0 0 0
360 14 0 0 0 0 0 0 0 0
363 1 0 0 0 0 0 1 0 0
367 2 0 0 2 0 0 0 0 0
fl=/build/eglibc-SvCtMH/eglibc-2.19/elf/dl-misc.c
fn=_dl_name_match_p
288 1255 1 1 0 0 0 502 3 3
289 1004 0 0 251 0 0 251 2 2
290 263 0 0 0 0 0 0 0 0
292 251 1 1 251 0 0 0 0 0
294 1002 0 0 0 0 0 0 0 0
295 1310 0 0 262 15 7 262 0 0
298 250 0 0 250 0 0 0 0 0
300 239 0 0 0 0 0 0 0 0
301 1255 1 1 753 0 0 0 0 0
fn=_dl_sysdep_read_whole_file
45 7 1 1 0 0 0 4 0 0
46 1 0 0 0 0 0 0 0 0
52 4 0 0 0 0 0 1 0 0
53 2 0 0 0 0 0 0 0 0
55 6 0 0 0 0 0 1 0 0
57 2 1 1 1 0 0 1 1 1
60 2 0 0 0 0 0 0 0 0
62 8 1 1 0 0 0 1 0 0
73 2 0 0 0 0 0 1 0 0
76 7 0 0 5 0 0 0 0 0
fl=/build/eglibc-SvCtMH/eglibc-2.19/elf/dl-object.c
fn=_dl_add_to_namespace_list
32 25 2 2 0 0 0 10 0 0
34 10 0 0 5 0 0 5 0 0
36 36 0 0 5 0 0 0 0 0
39 42 0 0 14 0 0 0 0 0
40 10 0 0 0 0 0 0 0 0
41 4 0 0 0 0 0 4 0 0
43 4 0 0 0 0 0 4 0 0
46 2 1 1 0 0 0 1 0 0
47 15 0 0 5 0 0 0 0 0
48 10 0 0 5 0 0 5 0 0
49 10 0 0 0 0 0 5 0 0
51 15 0 0 5 0 0 0 0 0
52 15 0 0 10 0 0 0 0 0
fn=_dl_new_object
61 70 1 1 0 0 0 50 1 1
62 25 1 1 0 0 0 5 1 1
68 60 0 0 10 0 0 0 0 0
75 25 1 1 0 0 0 10 0 0
78 10 0 0 0 0 0 0 0 0
81 5 0 0 0 0 0 5 4 4
82 10 0 0 0 0 0 5 5 5
86 10 0 0 0 0 0 5 2 2
87 25 1 1 10 0 0 10 2 2
89 5 0 0 0 0 0 5 0 0
97 25 0 0 10 0 0 5 0 0
98 30 1 1 10 5 5 5 0 0
101 10 0 0 5 0 0 0 0 0
102 11 1 1 0 0 0 5 5 5
103 5 0 0 0 0 0 5 0 0
107 5 0 0 0 0 0 5 0 0
110 47 0 0 0 0 0 0 0 0
112 32 0 0 0 0 0 16 5 5
122 10 1 1 0 0 0 5 1 1
123 5 0 0 0 0 0 5 5 5
126 5 0 0 0 0 0 0 0 0
128 30 0 0 5 0 0 0 0 0
130 12 0 0 0 0 0 4 1 1
133 11 1 1 0 0 0 0 0 0
137 12 0 0 4 0 0 0 0 0
141 27 1 1 4 0 0 0 0 0
143 1 0 0 0 0 0 0 0 0
149 1 0 0 0 0 0 1 1 1
152 10 2 1 0 0 0 5 1 1
155 25 0 0 10 0 0 0 0 0
157 20 0 0 4 0 0 8 0 0
161 20 1 1 0 0 0 0 0 0
165 12 1 1 0 0 0 4 0 0
166 16 0 0 0 0 0 0 0 0
211 16 0 0 8 0 0 4 0 0
216 142 0 0 0 0 0 0 0 0
217 154 0 0 73 0 0 0 0 0
222 8 0 0 0 0 0 4 0 0
225 8 0 0 0 0 0 4 1 1
229 40 1 1 35 0 0 0 0 0
fl=/build/eglibc-SvCtMH/eglibc-2.19/elf/dl-open.c
fn=_dl_find_dso_for_object
182 5 2 2 1 0 0 0 0 0
183 16 1 1 5 1 0 0 0 0
184 20 0 0 10 0 0 0 0 0
185 2 0 0 1 0 0 0 0 0
188 2 0 0 1 0 0 0 0 0
192 1 0 0 1 0 0 0 0 0
fl=/build/eglibc-SvCtMH/eglibc-2.19/elf/dl-reloc.c
fn=_dl_relocate_object
154 72 2 2 0 0 0 48 0 0
161 6 0 0 0 0 0 6 0 0
164 12 0 0 0 0 0 0 0 0
165 30 0 0 0 0 0 18 0 0
169 12 0 0 0 0 0 0 0 0
170 24 0 0 12 1 0 0 0 0
176 12 0 0 6 0 0 0 0 0
182 18 1 1 6 0 0 0 0 0
183 12 1 1 6 5 0 0 0 0
186 12 0 0 6 0 0 0 0 0
193 12 0 0 6 2 0 0 0 0
238 18 0 0 12 0 0 6 0 0
264 354 4 4 125 18 1 81 0 0
267 18 0 0 6 0 0 0 0 0
295 6 0 0 6 0 0 0 0 0
298 12 0 0 6 0 0 0 0 0
315 18 1 1 6 2 0 0 0 0
317 48 0 0 42 1 0 0 0 0
323 24 2 2 12 0 0 0 0 0
324 12 0 0 6 0 0 0 0 0
325 12 0 0 0 0 0 0 0 0
328 12 0 0 0 0 0 0 0 0
329 30 0 0 0 0 0 6 0 0
fl=/build/eglibc-SvCtMH/eglibc-2.19/elf/dl-tls.c
fn=__tls_get_addr
770 1 1 1 1 0 0 0 0 0
772 3 0 0 2 2 2 0 0 0
775 3 0 0 2 1 1 0 0 0
777 2 0 0 0 0 0 0 0 0
780 1 0 0 1 0 0 0 0 0
781 1 0 0 1 0 0 0 0 0
fn=_dl_add_to_slotinfo
831 8 1 1 0 0 0 6 0 0
837 4 0 0 2 0 0 0 0 0
840 2 0 0 2 1 0 0 0 0
845 10 0 0 2 0 0 0 0 0
886 2 1 1 0 0 0 2 1 0
887 6 0 0 2 1 0 2 0 0
888 8 0 0 8 0 0 0 0 0
fn=_dl_allocate_tls_init
376 8 1 1 0 0 0 7 0 0
377 2 0 0 0 0 0 0 0 0
381 3 1 1 2 1 0 1 0 0
383 1 0 0 0 0 0 0 0 0
384 1 0 0 0 0 0 0 0 0
389 3 0 0 1 0 0 1 0 0
394 17 0 0 2 0 0 0 0 0
400 11 1 1 0 0 0 0 0 0
403 2 1 1 2 0 0 0 0 0
404 4 0 0 0 0 0 0 0 0
410 6 0 0 2 0 0 0 0 0
412 4 1 1 0 0 0 0 0 0
413 4 0 0 2 0 0 0 0 0
422 4 0 0 2 0 0 0 0 0
423 8 0 0 4 0 0 0 0 0
425 4 0 0 0 0 0 0 0 0
426 4 1 1 2 0 0 0 0 0
434 8 0 0 2 0 0 2 1 0
435 2 0 0 0 0 0 2 0 0
436 22 0 0 8 0 0 4 0 0
450 2 1 1 1 0 0 1 0 0
452 1 0 0 1 0 0 0 0 0
453 8 0 0 7 0 0 0 0 0
fn=_dl_allocate_tls_storage
295 2 1 1 1 0 0 0 0 0
296 3 0 0 0 0 0 1 0 0
297 2 0 0 0 0 0 0 0 0
300 1 0 0 0 0 0 1 1 1
306 2 0 0 0 0 0 1 0 0
328 3 1 1 0 0 0 3 0 0
330 1 0 0 1 0 0 0 0 0
341 4 0 0 1 0 0 1 0 0
342 2 0 0 0 0 0 0 0 0
349 1 0 0 0 0 0 0 0 0
353 306 1 1 0 0 0 288 36 36
370 5 0 0 4 0 0 0 0 0
fn=_dl_determine_tlsoffset
112 7 1 1 0 0 0 6 0 0
113 2 0 0 0 0 0 0 0 0
114 1 0 0 0 0 0 0 0 0
115 1 0 0 0 0 0 0 0 0
118 3 0 0 1 0 0 0 0 0
121 2 0 0 1 0 0 0 0 0
123 1 0 0 0 0 0 0 0 0
155 1 0 0 0 0 0 0 0 0
157 16 0 0 3 0 0 0 0 0
159 5 1 1 1 0 0 0 0 0
161 6 0 0 2 0 0 0 0 0
162 4 1 1 2 1 0 0 0 0
164 4 0 0 0 0 0 0 0 0
166 10 0 0 2 0 0 0 0 0
168 4 1 1 0 0 0 0 0 0
182 16 0 0 0 0 0 0 0 0
184 6 0 0 0 0 0 0 0 0
185 2 0 0 0 0 0 0 0 0
188 6 0 0 0 0 0 0 0 0
194 2 1 1 0 0 0 2 0 0
197 4 0 0 0 0 0 1 0 0
198 1 0 0 0 0 0 1 0 0
249 1 0 0 0 0 0 1 0 0
250 8 1 1 7 0 0 0 0 0
fn=_dl_get_tls_static_info
320 2 1 1 1 0 0 1 0 0
321 3 0 0 2 0 0 1 0 0
fn=_dl_next_tls_modid
50 2 1 1 0 0 0 0 0 0
53 6 0 0 4 0 0 0 0 0
101 4 0 0 0 0 0 2 0 0
105 4 1 1 2 0 0 0 0 0
fl=/build/eglibc-SvCtMH/eglibc-2.19/elf/dl-tsd.c
fn=__libc_dl_error_tsd
48 2 0 0 2 1 0 0 0 0
49 1 0 0 1 0 0 0 0 0
fl=/build/eglibc-SvCtMH/eglibc-2.19/elf/dl-version.c
fn=_dl_check_all_versions
380 6 1 1 0 0 0 4 0 0
382 2 0 0 0 0 0 0 0 0
384 22 0 0 6 0 0 0 0 0
385 6 0 0 0 0 0 0 0 0
386 60 1 1 6 0 0 6 0 0
389 7 0 0 5 0 0 0 0 0
fn=_dl_check_map_versions
56 103 1 1 14 0 0 0 0 0
57 27 0 0 27 0 0 0 0 0
58 177 0 0 0 0 0 34 0 0
174 66 1 1 0 0 0 48 0 0
175 2 0 0 0 0 0 0 0 0
183 2 0 0 0 0 0 0 0 0
189 18 1 1 6 0 0 0 0 0
191 12 0 0 6 0 0 6 0 0
193 12 0 0 6 0 0 6 0 0
194 12 0 0 6 0 0 6 0 0
196 12 0 0 0 0 0 0 0 0
199 16 1 1 12 0 0 4 0 0
203 24 0 0 8 3 3 0 0 0
220 21 0 0 21 0 0 0 0 0
228 21 0 0 7 0 0 0 0 0
233 49 1 1 14 1 1 0 0 0
237 370 1 1 217 7 7 46 0 0
244 92 0 0 23 0 0 0 0 0
247 76 0 0 23 0 0 0 0 0
252 16 0 0 0 0 0 0 0 0
256 28 1 1 14 0 0 0 0 0
261 3 0 0 3 0 0 0 0 0
262 3 0 0 0 0 0 0 0 0
270 18 1 1 6 0 0 0 0 0
273 12 0 0 8 0 0 0 0 0
276 188 0 0 47 0 0 0 0 0
279 141 0 0 47 2 2 0 0 0
283 43 0 0 0 0 0 0 0 0
287 12 1 1 0 0 0 0 0 0
292 5 0 0 0 0 0 5 0 0
293 20 1 1 0 0 0 5 0 0
294 10 0 0 0 0 0 0 0 0
302 5 0 0 0 0 0 5 0 0
305 15 0 0 10 0 0 5 1 0
307 15 0 0 5 0 0 0 0 0
310 16 1 1 12 0 0 0 0 0
314 21 0 0 7 0 0 0 0 0
317 69 0 0 23 0 0 0 0 0
319 69 0 0 0 0 0 0 0 0
321 115 0 0 23 0 0 23 0 0
322 69 0 0 0 0 0 23 10 10
323 69 1 1 23 0 0 23 2 2
324 69 0 0 23 0 0 23 1 1
327 69 0 0 23 0 0 0 0 0
332 16 0 0 0 0 0 0 0 0
335 21 0 0 7 0 0 0 0 0
340 3 0 0 0 0 0 0 0 0
341 3 0 0 0 0 0 0 0 0
345 15 0 0 5 0 0 0 0 0
348 16 1 1 12 0 0 0 0 0
352 47 0 0 47 0 0 0 0 0
354 94 0 0 47 0 0 0 0 0
358 43 0 0 43 0 0 0 0 0
359 215 0 0 43 0 0 43 12 12
360 129 0 0 43 0 0 43 0 0
361 43 0 0 0 0 0 43 4 4
364 141 0 0 47 0 0 0 0 0
368 43 0 0 0 0 0 0 0 0
373 11 0 0 0 0 0 0 0 0
374 48 1 1 42 0 0 0 0 0
fn=match_symbol
76 299 1 1 0 0 0 184 0 0
77 46 0 0 46 0 0 0 0 0
85 46 0 0 23 0 0 0 0 0
91 69 1 1 23 0 0 0 0 0
106 23 0 0 23 1 0 0 0 0
107 46 0 0 0 0 0 0 0 0
109 23 0 0 23 0 0 0 0 0
114 344 0 0 172 18 18 0 0 0
128 344 0 0 172 3 3 0 0 0
130 23 1 1 23 0 0 0 0 0
133 138 0 0 23 1 1 23 0 0
140 447 0 0 149 2 2 0 0 0
144 149 0 0 0 0 0 0 0 0
168 184 1 1 161 0 0 0 0 0
fl=/build/eglibc-SvCtMH/eglibc-2.19/elf/do-rel.h
fn=_dl_relocate_object
47 24 0 0 12 0 0 0 0 0
48 12 0 0 12 0 0 0 0 0
50 5 0 0 0 0 0 0 0 0
51 5 0 0 0 0 0 5 1 0
58 36 1 1 12 1 0 0 0 0
61 464 0 0 0 0 0 0 0 0
63 444 1 1 148 55 55 0 0 0
65 17 0 0 0 0 0 0 0 0
74 10 0 0 0 0 0 0 0 0
75 33 1 1 13 0 0 0 0 0
76 10 0 0 5 0 0 0 0 0
83 14 0 0 7 0 0 7 0 0
84 7 1 1 7 0 0 0 0 0
86 14 0 0 0 0 0 0 0 0
98 21 0 0 0 0 0 0 0 0
108 13 1 1 1 1 1 0 0 0
111 3800 1 1 0 0 0 0 0 0
112 2524 0 0 1262 1 0 0 0 0
118 21 1 1 7 6 0 0 0 0
121 12 0 0 6 3 0 6 1 0
124 386 1 1 123 0 0 0 0 0
127 472 1 1 118 31 27 0 0 0
136 354 0 0 236 44 40 0 0 0
137 674 1 1 118 0 0 118 1 0
138 219 0 0 118 1 0 0 0 0
139 236 0 0 118 0 0 0 0 0
143 10 0 0 0 0 0 0 0 0
160 23 2 2 5 0 0 4 0 0
162 20 0 0 5 2 2 0 0 0
170 25 0 0 5 0 0 5 0 0
171 10 1 1 10 0 0 0 0 0
174 5 1 1 2 0 0 0 0 0
fn=_dl_start
83 1 0 0 1 0 0 0 0 0
84 1 0 0 1 0 0 0 0 0
111 33 0 0 0 0 0 0 0 0
112 20 0 0 10 3 3 0 0 0
116 2 1 1 1 0 0 0 0 0
124 34 0 0 0 0 0 0 0 0
137 50 1 1 10 2 2 0 0 0
139 20 0 0 10 0 0 0 0 0
fl=/build/eglibc-SvCtMH/eglibc-2.19/elf/get-dynamic-info.h
fn=_dl_map_object_from_fd
38 8 0 0 0 0 0 0 0 0
42 4 0 0 0 0 0 0 0 0
44 321 1 1 107 29 29 0 0 0
46 206 1 1 0 0 0 0 0 0
51 104 0 0 0 0 0 0 0 0
52 170 0 0 0 0 0 99 24 24
53 16 0 0 0 0 0 0 0 0
55 4 0 0 0 0 0 0 0 0
56 20 1 1 0 0 0 0 0 0
58 4 0 0 0 0 0 0 0 0
59 20 0 0 0 0 0 0 0 0
60 4 0 0 0 0 0 0 0 0
61 16 0 0 0 0 0 4 0 0
62 103 0 0 0 0 0 0 0 0
69 8 1 1 0 0 0 0 0 0
89 14 0 0 6 0 0 0 0 0
90 16 0 0 8 0 0 0 0 0
91 16 0 0 8 0 0 0 0 0
92 16 1 1 8 0 0 0 0 0
94 16 0 0 8 0 0 0 0 0
99 16 0 0 8 0 0 0 0 0
100 15 0 0 7 1 1 0 0 0
101 16 1 1 8 0 0 0 0 0
107 12 0 0 4 0 0 0 0 0
112 8 0 0 4 0 0 0 0 0
119 8 0 0 4 0 0 0 0 0
120 12 0 0 8 0 0 0 0 0
136 12 1 1 4 0 0 0 0 0
141 6 0 0 3 0 0 3 1 1
143 6 0 0 0 0 0 0 0 0
145 6 0 0 0 0 0 0 0 0
147 6 0 0 0 0 0 0 0 0
150 12 1 1 4 0 0 0 0 0
152 4 0 0 2 0 0 2 0 0
160 4 0 0 2 0 0 0 0 0
161 4 0 0 0 0 0 0 0 0
165 4 0 0 0 0 0 0 0 0
168 8 1 1 4 0 0 0 0 0
fn=_dl_start
44 57 1 1 19 6 6 0 0 0
46 36 0 0 0 0 0 0 0 0
47 26 0 0 0 0 0 13 3 3
51 21 0 0 0 0 0 0 0 0
52 18 2 2 0 0 0 4 2 2
53 4 1 1 0 0 0 0 0 0
55 1 0 0 0 0 0 0 0 0
56 5 1 1 0 0 0 0 0 0
58 2 0 0 0 0 0 0 0 0
59 5 1 1 0 0 0 0 0 0
60 1 0 0 0 0 0 0 0 0
61 5 0 0 0 0 0 1 1 1
62 18 0 0 0 0 0 0 0 0
69 2 0 0 0 0 0 0 0 0
89 4 0 0 2 0 0 0 0 0
90 4 0 0 2 0 0 0 0 0
91 4 1 1 2 0 0 0 0 0
92 4 0 0 2 0 0 0 0 0
94 4 0 0 2 0 0 0 0 0
99 4 0 0 2 0 0 0 0 0
100 4 1 1 2 0 0 0 0 0
101 4 0 0 2 0 0 0 0 0
107 3 0 0 1 0 0 0 0 0
112 2 0 0 1 0 0 0 0 0
119 3 0 0 1 0 0 0 0 0
120 3 1 1 2 0 0 0 0 0
128 3 0 0 1 0 0 0 0 0
130 3 0 0 1 1 1 0 0 0
133 2 1 1 1 0 0 0 0 0
134 2 0 0 1 0 0 0 0 0
fn=dl_main
29 1 0 0 1 0 0 0 0 0
38 2 0 0 0 0 0 0 0 0
42 1 0 0 0 0 0 0 0 0
44 78 0 0 26 7 7 0 0 0
46 50 0 0 0 0 0 0 0 0
51 17 1 1 0 0 0 0 0 0
52 35 0 0 0 0 0 24 5 5
53 4 0 0 0 0 0 0 0 0
55 1 0 0 0 0 0 0 0 0
56 5 1 1 0 0 0 0 0 0
58 1 0 0 0 0 0 0 0 0
59 5 0 0 0 0 0 0 0 0
60 1 0 0 0 0 0 0 0 0
61 4 1 1 0 0 0 1 0 0
62 25 0 0 0 0 0 0 0 0
69 3 0 0 1 0 0 0 0 0
107 3 1 1 1 0 0 0 0 0
112 2 0 0 1 0 0 0 0 0
119 2 1 1 1 0 0 0 0 0
120 3 0 0 2 0 0 0 0 0
136 3 0 0 1 0 0 0 0 0
150 3 1 1 1 0 0 0 0 0
168 2 1 1 1 0 0 0 0 0
fl=/build/eglibc-SvCtMH/eglibc-2.19/elf/rtld.c
fn=_dl_initial_error_catch_tsd
813 22 1 1 11 0 0 0 0 0
fn=_dl_start
300 75 4 4 8 1 1 8 2 2
312 2 0 0 0 0 0 1 0 0
313 2 0 0 0 0 0 1 0 0
314 2 0 0 0 0 0 1 0 0
315 2 1 1 0 0 0 1 1 1
316 2 0 0 0 0 0 1 0 0
337 5 0 0 0 0 0 1 0 0
341 1 0 0 0 0 0 1 0 0
347 4 1 0 0 0 0 1 0 0
356 4 1 0 0 0 0 0 0 0
359 2 0 0 1 1 0 1 1 0
363 2 0 0 1 0 0 0 0 0
377 9 2 2 0 0 0 6 0 0
395 5 0 0 0 0 0 1 1 1
421 1 0 0 0 0 0 1 1 1
424 1 0 0 0 0 0 1 1 1
552 2 0 0 0 0 0 0 0 0
557 34 3 3 9 0 0 0 0 0
559 1 0 0 1 1 1 0 0 0
584 9 0 0 7 1 0 0 0 0
fn=dl_main
939 12 2 2 0 0 0 8 1 1
945 1 0 0 0 0 0 0 0 0
947 2 0 0 0 0 0 0 0 0
948 1 0 0 0 0 0 0 0 0
954 1 0 0 0 0 0 1 0 0
958 2 0 0 0 0 0 1 0 0
961 2 0 0 0 0 0 1 1 1
965 2 0 0 0 0 0 1 1 1
966 2 1 1 0 0 0 1 0 0
971 2 0 0 0 0 0 1 0 0
981 4 1 1 2 0 0 0 0 0
1180 8 1 1 0 0 0 1 0 0
1182 2 0 0 0 0 0 0 0 0
1183 1 0 0 0 0 0 1 1 1
1184 2 0 0 1 0 0 1 0 0
1185 3 1 1 2 0 0 1 0 0
1189 3 0 0 0 0 0 1 0 0
1190 2 0 0 1 0 0 0 0 0
1211 1 0 0 0 0 0 1 0 0
1212 1 1 1 0 0 0 1 0 0
1214 1 0 0 0 0 0 1 0 0
1216 1 0 0 1 0 0 0 0 0
1219 36 2 2 3 0 0 0 0 0
1220 71 2 2 9 5 5 0 0 0
1224 3 1 1 1 0 0 1 0 0
1225 1 0 0 0 0 0 0 0 0
1229 3 1 1 2 0 0 1 0 0
1230 1 0 0 0 0 0 0 0 0
1238 1 0 0 0 0 0 1 1 1
1239 2 0 0 2 1 1 0 0 0
1241 2 1 1 0 0 0 1 0 0
1248 3 1 1 1 0 0 0 0 0
1266 1 0 0 0 0 0 0 0 0
1274 4 0 0 2 0 0 0 0 0
1275 10 1 1 3 1 1 0 0 0
1276 4 0 0 2 0 0 0 0 0
1277 1 0 0 0 0 0 1 0 0
1280 4 0 0 2 1 1 0 0 0
1281 4 0 0 2 0 0 0 0 0
1282 2 0 0 0 0 0 2 0 0
1283 6 0 0 3 0 0 0 0 0
1284 2 0 0 0 0 0 1 0 0
1311 2 0 0 1 0 0 1 1 1
1312 1 0 0 0 0 0 0 0 0
1315 2 0 0 1 0 0 1 0 0
1316 2 0 0 1 0 0 1 0 0
1317 1 0 0 0 0 0 0 0 0
1322 3 0 0 1 1 1 0 0 0
1325 2 0 0 0 0 0 0 0 0
1327 2 0 0 0 0 0 0 0 0
1329 2 1 1 1 0 0 0 0 0
1342 3 0 0 1 0 0 0 0 0
1343 11 1 1 6 0 0 2 0 0
1348 1 0 0 0 0 0 1 0 0
1350 1 0 0 0 0 0 1 1 1
1351 1 0 0 0 0 0 1 0 0
1353 2 0 0 1 0 0 0 0 0
1354 2 0 0 0 0 0 1 0 0
1358 2 1 1 1 0 0 0 0 0
1360 2 0 0 0 0 0 0 0 0
1365 2 0 0 0 0 0 1 0 0
1368 4 0 0 0 0 0 1 0 0
1384 3 1 1 0 0 0 1 0 0
1390 9 2 2 1 0 0 2 0 0
1395 2 1 1 1 0 0 1 0 0
1398 4 1 1 1 0 0 2 0 0
1400 1 0 0 0 0 0 1 0 0
1405 2 0 0 1 0 0 0 0 0
1408 3 0 0 2 0 0 1 0 0
1409 4 0 0 1 0 0 1 0 0
1410 2 0 0 0 0 0 1 0 0
1411 1 0 0 0 0 0 1 0 0
1412 1 1 1 1 0 0 0 0 0
1413 1 0 0 1 0 0 0 0 0
1418 2 0 0 1 0 0 0 0 0
1419 5 1 1 1 0 0 1 0 0
1423 1 0 0 1 0 0 0 0 0
1425 4 0 0 1 0 0 0 0 0
1426 2 0 0 0 0 0 1 0 0
1427 4 0 0 1 1 1 1 0 0
1432 2 0 0 0 0 0 0 0 0
1433 6 1 1 1 1 1 0 0 0
1435 2 0 0 1 0 0 1 1 1
1436 2 0 0 1 0 0 1 0 0
1441 2 0 0 1 1 1 0 0 0
1446 3 1 1 1 0 0 0 0 0
1627 3 0 0 1 0 0 0 0 0
1630 2 0 0 1 0 0 1 0 0
1634 3 0 0 1 0 0 0 0 0
1639 2 1 1 1 0 0 1 0 0
1640 1 0 0 0 0 0 1 0 0
1645 3 0 0 1 0 0 0 0 0
1660 3 0 0 2 0 0 0 0 0
1664 3 1 1 1 0 0 0 0 0
1666 5 1 1 0 0 0 0 0 0
1667 3 0 0 0 0 0 2 0 0
1668 4 0 0 0 0 0 0 0 0
1670 3 1 1 1 0 0 0 0 0
1680 5 0 0 0 0 0 1 0 0
1757 4 1 1 2 0 0 0 0 0
1761 8 2 2 1 0 0 0 0 0
1762 1 0 0 0 0 0 0 0 0
1765 2 0 0 0 0 0 1 0 0
1766 1 0 0 1 0 0 0 0 0
1767 2 0 0 0 0 0 0 0 0
1768 2 2 2 1 0 0 0 0 0
1774 5 0 0 0 0 0 0 0 0
1775 8 0 0 1 0 0 1 0 0
1776 4 1 1 0 0 0 0 0 0
1778 2 0 0 1 0 0 0 0 0
1781 17 0 0 2 0 0 0 0 0
1782 24 0 0 12 0 0 0 0 0
1785 3 0 0 2 0 0 1 0 0
1786 3 1 1 1 0 0 0 0 0
1787 1 0 0 0 0 0 1 0 0
1789 20 1 1 0 0 0 0 0 0
1790 13 0 0 6 0 0 0 0 0
1800 2 1 1 0 0 0 1 0 0
1802 2 0 0 1 0 0 1 0 0
1803 2 0 0 1 0 0 0 0 0
1805 3 0 0 0 0 0 1 0 0
1807 3 1 1 0 0 0 0 0 0
1809 3 0 0 1 1 0 0 0 0
1810 1 0 0 1 0 0 0 0 0
1812 3 0 0 0 0 0 0 0 0
1823 2 0 0 0 0 0 0 0 0
1824 2 0 0 0 0 0 1 0 0
1825 3 1 1 1 0 0 0 0 0
1836 4 0 0 0 0 0 1 0 0
1837 1 0 0 0 0 0 1 0 0
1838 5 1 1 0 0 0 1 0 0
1848 2 0 0 1 0 0 1 0 0
1849 2 0 0 1 0 0 0 0 0
1850 2 0 0 0 0 0 2 0 0
1852 2 0 0 1 0 0 0 0 0
1855 1 1 1 0 0 0 1 0 0
1857 2 0 0 1 0 0 0 0 0
2087 3 0 0 1 0 0 0 0 0
2095 1 1 1 1 0 0 0 0 0
2143 2 1 1 0 0 0 1 0 0
2147 4 1 1 2 0 0 2 0 0
2151 2 0 0 1 0 0 1 0 0
2154 2 0 0 0 0 0 0 0 0
2162 2 0 0 0 0 0 0 0 0
2208 3 1 1 1 0 0 0 0 0
2215 1 0 0 1 0 0 0 0 0
2217 11 1 1 1 0 0 1 0 0
2219 17 1 1 1 1 0 0 0 0
2221 18 0 0 12 1 0 0 0 0
2226 12 0 0 12 0 0 0 0 0
2228 14 0 0 0 0 0 0 0 0
2230 1 1 1 0 0 0 1 0 0
2231 1 0 0 1 0 0 0 0 0
2234 6 0 0 6 0 0 0 0 0
2236 18 0 0 0 0 0 0 0 0
2237 40 0 0 10 4 0 5 0 0
2241 22 0 0 8 2 0 0 0 0
2242 6 0 0 0 0 0 2 0 0
2244 4 0 0 0 0 0 0 0 0
2246 2 0 0 0 0 0 1 0 0
2252 2 0 0 1 0 0 0 0 0
2257 4 1 1 2 0 0 0 0 0
2258 1 0 0 1 0 0 0 0 0
2263 2 0 0 1 0 0 1 0 0
2267 2 0 0 1 0 0 0 0 0
2281 3 1 1 2 1 0 0 0 0
2283 4 2 2 1 0 0 0 0 0
2298 5 0 0 0 0 0 0 0 0
2300 1 0 0 1 0 0 0 0 0
2301 5 0 0 1 0 0 1 0 0
2302 4 0 0 0 0 0 0 0 0
2304 3 1 1 1 0 0 0 0 0
2312 1 0 0 0 0 0 1 0 0
2316 3 0 0 1 0 0 0 0 0
2336 3 0 0 0 0 0 1 0 0
2337 1 0 0 0 0 0 1 0 0
2338 1 0 0 0 0 0 1 0 0
2343 1 0 0 0 0 0 1 0 0
2348 8 0 0 7 1 0 0 0 0
2518 2 0 0 1 0 0 1 1 1
2520 1 0 0 0 0 0 0 0 0
2521 1 0 0 0 0 0 0 0 0
2525 13 1 1 1 0 0 4 1 1
2527 15 0 0 3 0 0 3 1 1
2531 105 1 1 21 1 1 0 0 0
2532 19 0 0 0 0 0 0 0 0
2534 4 0 0 0 0 0 0 0 0
2540 16 0 0 2 1 1 0 0 0
2563 6 1 1 0 0 0 1 0 0
2570 6 1 1 0 0 0 1 0 0
2572 3 0 0 0 0 0 1 0 0
2617 3 1 1 1 0 0 0 0 0
2618 6 1 1 0 0 0 1 0 0
2620 3 2 2 0 0 0 1 0 0
2692 3 1 1 1 0 0 0 0 0
2725 3 1 1 1 0 0 0 0 0
fn=handle_ld_preload
109 3 0 0 1 0 0 0 0 0
821 1 0 0 0 0 0 1 0 0
825 1 0 0 0 0 0 1 0 0
826 2 0 0 1 0 0 1 0 0
827 1 0 0 0 0 0 1 0 0
829 1 0 0 1 0 0 0 0 0
831 13 2 2 3 0 0 4 0 0
832 3 0 0 1 0 0 0 0 0
840 3 0 0 1 0 0 0 0 0
906 9 1 1 0 0 0 7 1 1
907 1 0 0 0 0 0 0 0 0
911 6 0 0 2 0 0 0 0 0
915 3 0 0 0 0 0 0 0 0
917 6 2 2 0 0 0 1 0 0
918 3 0 0 0 0 0 1 0 0
925 4 1 1 0 0 0 0 0 0
928 2 0 0 1 0 0 0 0 0
929 1 0 0 0 0 0 0 0 0
932 9 0 0 7 0 0 0 0 0
fn=init_tls
732 1 0 0 0 0 0 1 0 0
734 2 0 0 1 0 0 1 0 0
738 2 0 0 1 0 0 0 0 0
739 1 1 1 0 0 0 0 0 0
744 2 0 0 0 0 0 1 0 0
747 1 0 0 0 0 0 1 0 0
748 4 1 1 0 0 0 1 0 0
753 1 0 0 0 0 0 0 0 0
755 1 0 0 0 0 0 1 0 0
759 2 0 0 1 1 1 0 0 0
760 1 0 0 0 0 0 0 0 0
761 15 1 1 1 0 0 0 0 0
762 12 0 0 6 0 0 0 0 0
763 12 0 0 6 3 0 0 0 0
767 6 0 0 0 0 0 2 1 1
769 2 0 0 0 0 0 0 0 0
771 3 1 1 0 0 0 0 0 0
774 1 0 0 0 0 0 1 0 0
781 2 0 0 0 0 0 1 0 0
782 2 0 0 0 0 0 0 0 0
788 2 1 1 1 0 0 1 0 0
796 7 0 0 0 0 0 2 0 0
800 1 1 1 0 0 0 1 0 0
802 1 0 0 0 0 0 0 0 0
803 2 0 0 2 0 0 0 0 0
fn=map_doit
640 2 1 1 0 0 0 1 0 0
642 8 0 0 3 0 0 2 1 1
644 2 0 0 2 0 0 0 0 0
fn=rtld_lock_default_lock_recursive
853 10 1 1 10 1 1 0 0 0
fn=rtld_lock_default_unlock_recursive
859 10 0 0 10 0 0 0 0 0
fn=security_init
866 2 0 0 0 0 0 1 0 0
868 1 0 0 1 0 0 0 0 0
870 1 0 0 0 0 0 1 0 0
877 1 0 0 1 0 0 0 0 0
879 1 0 0 0 0 0 1 0 0
881 1 0 0 0 0 0 1 0 0
886 1 0 0 0 0 0 1 0 0
887 3 0 0 2 0 0 0 0 0
fn=version_check_doit
672 2 1 1 0 0 0 1 0 0
674 6 0 0 2 0 0 1 0 0
678 2 0 0 2 0 0 0 0 0
fl=/build/eglibc-SvCtMH/eglibc-2.19/elf/setup-vdso.h
fn=dl_main
24 2 1 1 1 0 0 0 0 0
fl=/build/eglibc-SvCtMH/eglibc-2.19/io/../sysdeps/unix/syscall-template.S
fn=__write_nocancel
81 5 0 0 1 0 0 0 0 0
fn=access
81 20 1 1 0 0 0 0 0 0
83 25 0 0 5 0 0 5 1 1
fn=close
81 20 0 0 0 0 0 0 0 0
82 5 0 0 5 0 0 0 0 0
fn=open
81 44 1 1 0 0 0 0 0 0
82 5 0 0 5 0 0 0 0 0
83 30 0 0 6 0 0 6 0 0
fn=read
81 16 1 1 0 0 0 0 0 0
82 4 0 0 4 0 0 0 0 0
fn=write
81 2 1 1 1 0 0 0 0 0
fl=/build/eglibc-SvCtMH/eglibc-2.19/io/../sysdeps/unix/sysv/linux/wordsize-64/fxstat.c
fn=_fxstat
33 6 0 0 0 0 0 0 0 0
34 12 2 2 0 0 0 0 0 0
35 36 0 0 0 0 0 0 0 0
39 6 0 0 6 0 0 0 0 0
fl=/build/eglibc-SvCtMH/eglibc-2.19/io/../sysdeps/unix/sysv/linux/wordsize-64/xstat.c
fn=_xstat
33 4 0 0 0 0 0 0 0 0
34 8 1 1 0 0 0 0 0 0
35 36 0 0 3 0 0 3 0 0
39 1 0 0 1 0 0 0 0 0
fl=/build/eglibc-SvCtMH/eglibc-2.19/libio/../sysdeps/unix/sysv/linux/sys/sysmacros.h
fn=_IO_file_doallocate
41 6 0 0 0 0 0 0 0 0
fl=/build/eglibc-SvCtMH/eglibc-2.19/libio/filedoalloc.c
fn=_IO_file_doallocate
96 5 1 1 0 0 0 3 0 0
111 8 1 1 3 0 0 1 1 1
113 4 0 0 1 1 1 0 0 0
116 2 0 0 0 0 0 0 0 0
118 2 2 2 1 0 0 0 0 0
121 1 0 0 1 0 0 0 0 0
124 6 1 1 1 0 0 0 0 0
128 8 0 0 0 0 0 1 0 0
129 5 0 0 0 0 0 1 0 0
130 1 0 0 0 0 0 0 0 0
131 5 0 0 4 0 0 0 0 0
fl=/build/eglibc-SvCtMH/eglibc-2.19/libio/fileops.c
fn=_IO_do_write@@GLIBC_2.2.5
509 12 1 1 0 0 0 8 0 0
511 10 1 1 0 0 0 0 0 0
512 12 0 0 10 0 0 0 0 0
523 4 0 0 1 0 0 0 0 0
530 4 0 0 2 0 0 0 0 0
538 6 1 1 2 0 0 1 0 0
539 3 0 0 1 0 0 0 0 0
541 4 0 0 1 0 0 3 0 0
542 2 0 0 0 0 0 2 0 0
543 1 0 0 0 0 0 1 0 0
544 2 1 1 1 0 0 0 0 0
545 3 1 1 1 0 0 0 0 0
fn=_IO_file_overflow@@GLIBC_2.2.5
824 116 1 1 0 0 0 87 1 1
825 87 0 0 29 0 0 0 0 0
832 199 0 0 56 0 0 0 0 0
835 2 1 1 1 0 0 0 0 0
837 2 1 1 0 0 0 1 1 1
838 6 0 0 2 0 0 3 0 0
847 2 0 0 0 0 0 0 0 0
856 4 0 0 2 0 0 0 0 0
858 1 0 0 0 0 0 1 0 0
859 2 0 0 0 0 0 1 0 0
860 1 0 0 0 0 0 1 0 0
861 2 1 1 0 0 0 2 0 0
863 3 0 0 0 0 0 1 0 0
864 5 0 0 1 0 0 0 0 0
865 2 0 0 0 0 0 1 0 0
867 58 1 1 0 0 0 0 0 0
868 4 1 1 0 0 0 0 0 0
869 2 0 0 0 0 0 0 0 0
870 54 0 0 27 0 0 0 0 0
873 81 0 0 0 0 0 54 1 1
874 81 0 0 27 0 0 0 0 0
875 108 0 0 0 0 0 0 0 0
879 27 0 0 0 0 0 0 0 0
880 114 0 0 114 0 0 0 0 0
fn=_IO_file_setbuf@@GLIBC_2.2.5
461 2 1 1 0 0 0 1 0 0
462 3 0 0 0 0 0 1 0 0
465 2 0 0 0 0 0 2 0 0
466 2 0 0 1 0 0 1 0 0
467 3 1 1 0 0 0 3 0 0
469 1 0 0 0 0 0 0 0 0
470 2 0 0 2 0 0 0 0 0
fn=_IO_file_stat
1222 1 1 1 0 0 0 0 0 0
1223 3 0 0 1 0 0 0 0 0
fn=_IO_file_sync@@GLIBC_2.2.5
886 2 1 1 0 0 0 1 0 0
891 4 0 0 2 0 0 0 0 0
893 1 1 1 1 0 0 0 0 0
894 2 0 0 1 0 0 0 0 0
911 2 0 0 0 0 0 1 0 0
915 2 0 0 2 0 0 0 0 0
fn=_IO_file_write@@GLIBC_2.2.5
1254 7 0 0 0 0 0 4 0 0
1256 7 0 0 0 0 0 0 0 0
1260 3 0 0 1 0 0 0 0 0
1261 3 1 1 1 0 0 1 0 0
1262 2 0 0 0 0 0 0 0 0
1267 1 0 0 0 0 0 0 0 0
1268 1 0 0 0 0 0 0 0 0
1271 3 0 0 1 0 0 0 0 0
1274 9 1 1 5 0 0 0 0 0
fn=_IO_file_xsputn@@GLIBC_2.2.5
1281 16 1 1 0 0 0 12 1 1
1287 4 0 0 0 0 0 0 0 0
1288 2 0 0 0 0 0 0 0 0
1294 12 0 0 2 0 0 0 0 0
1296 3 1 1 2 0 0 0 0 0
1297 2 0 0 0 0 0 0 0 0
1300 3 0 0 0 0 0 0 0 0
1302 4 0 0 1 0 0 0 0 0
1304 4 2 2 0 0 0 0 0 0
1311 6 1 1 2 0 0 0 0 0
1315 4 0 0 0 0 0 0 0 0
1320 5 0 0 0 0 0 2 0 0
1325 1 0 0 0 0 0 0 0 0
1326 3 0 0 0 0 0 0 0 0
1328 6 0 0 0 0 0 0 0 0
1332 12 0 0 4 1 1 2 0 0
1338 4 1 1 4 0 0 0 0 0
1339 12 0 0 0 0 0 0 0 0
1341 6 0 0 0 0 0 0 0 0
1352 4 0 0 0 0 0 0 0 0
1353 6 0 0 0 0 0 1 0 0
1355 4 1 1 0 0 0 0 0 0
1356 16 0 0 14 0 0 0 0 0
fl=/build/eglibc-SvCtMH/eglibc-2.19/libio/genops.c
fn=_IO_cleanup
950 13 0 0 4 0 0 0 0 0
952 9 0 0 3 0 0 0 0 0
953 4 0 0 0 0 0 0 0 0
954 2 0 0 0 0 0 0 0 0
956 4 1 1 1 0 0 0 0 0
962 17 1 1 7 0 0 2 0 0
970 5 0 0 2 0 0 0 0 0
972 2 1 1 0 0 0 1 0 0
974 2 0 0 1 0 0 1 0 0
975 1 0 0 0 0 0 1 0 0
976 2 0 0 1 0 0 1 0 0
977 4 0 0 1 0 0 1 0 0
980 5 0 0 2 0 0 1 0 0
983 5 1 1 1 0 0 0 0 0
984 8 1 1 3 0 0 1 0 0
990 3 1 1 0 0 0 3 0 0
1010 5 2 2 0 0 0 4 0 0
1013 3 0 0 0 0 0 1 0 0
1025 7 0 0 5 0 0 0 0 0
fn=_IO_default_setbuf
400 5 0 0 1 0 0 0 0 0
402 1 0 0 0 0 0 1 0 0
403 1 0 0 0 0 0 1 0 0
407 2 0 0 0 0 0 1 0 0
557 6 1 1 0 0 0 3 0 0
558 4 0 0 2 0 0 1 0 0
560 2 0 0 0 0 0 0 0 0
562 2 0 0 0 0 0 1 0 0
563 2 1 1 0 0 0 0 0 0
567 2 0 0 1 0 0 0 0 0
570 3 0 0 0 0 0 3 0 0
571 3 1 1 0 0 0 3 0 0
572 1 0 0 0 0 0 0 0 0
573 4 0 0 4 0 0 0 0 0
fn=_IO_default_xsputn
447 6 1 1 0 0 0 5 0 0
450 6 1 1 0 0 0 0 0 0
451 1 0 0 0 0 0 0 0 0
455 64 1 1 32 0 0 0 0 0
480 152 0 0 45 0 0 15 0 0
482 15 0 0 0 0 0 0 0 0
484 2 1 1 0 0 0 0 0 0
485 6 0 0 6 0 0 0 0 0
fn=_IO_doallocbuf
414 4 1 1 0 0 0 3 0 0
415 2 0 0 1 0 0 0 0 0
417 3 0 0 1 0 0 0 0 0
418 5 0 0 2 1 1 1 0 0
421 4 0 0 4 0 0 0 0 0
fn=_IO_flush_all_lockp
822 8 1 1 0 0 0 6 0 0
823 1 0 0 0 0 0 0 0 0
828 3 0 0 0 0 0 0 0 0
833 1 0 0 1 1 1 0 0 0
834 1 1 1 1 1 1 0 0 0
835 8 1 1 0 0 0 0 0 0
837 3 0 0 0 0 0 3 0 0
838 6 0 0 0 0 0 0 0 0
839 2 0 0 1 0 0 0 0 0
841 21 3 3 9 4 4 0 0 0
851 6 0 0 0 0 0 0 0 0
853 3 0 0 0 0 0 3 0 0
855 9 1 1 3 0 0 0 0 0
862 3 0 0 3 2 2 0 0 0
866 2 0 0 0 0 0 0 0 0
868 2 0 0 0 0 0 0 0 0
872 9 0 0 7 0 0 0 0 0
fn=_IO_setb
399 5 1 1 0 0 0 2 0 0
400 4 0 0 2 0 0 0 0 0
402 1 0 0 0 0 0 1 0 0
403 1 0 0 0 0 0 1 0 0
405 6 1 1 0 0 0 1 0 0
408 4 0 0 3 0 0 0 0 0
fn=__overflow
241 36 1 1 12 0 0 0 0 0
243 36 1 1 24 0 0 0 0 0
fl=/build/eglibc-SvCtMH/eglibc-2.19/malloc/arena.c
fn=malloc_hook_ini
373 3 0 0 1 1 1 0 0 0
fn=ptmalloc_init.part.7
334 210 1 1 70 10 0 0 0 0
336 138 0 0 69 34 0 0 0 0
337 2 0 0 1 0 0 0 0 0
338 2 0 0 1 0 0 0 0 0
352 69 0 0 0 0 0 0 0 0
371 6 1 1 0 0 0 5 0 0
376 1 0 0 0 0 0 1 0 0
384 2 0 0 1 0 0 0 0 0
385 7 2 2 0 0 0 1 0 0
386 4 0 0 2 1 0 0 0 0
391 3 1 1 1 1 0 1 1 0
392 12 1 1 1 1 0 6 2 2
394 5 0 0 2 1 0 0 0 0
410 2 0 0 0 0 0 0 0 0
455 2 0 0 0 0 0 0 0 0
461 2 0 0 2 1 1 0 0 0
462 2 0 0 0 0 0 0 0 0
464 1 0 0 0 0 0 1 1 0
465 7 0 0 6 1 0 0 0 0
fl=/build/eglibc-SvCtMH/eglibc-2.19/malloc/hooks.c
fn=malloc_hook_ini
29 4 1 1 1 0 0 2 0 0
30 2 1 1 1 0 0 1 0 0
32 1 0 0 0 0 0 0 0 0
33 1 0 0 0 0 0 0 0 0
fl=/build/eglibc-SvCtMH/eglibc-2.19/malloc/malloc.c
fn=_int_free
1871 6 0 0 2 1 1 0 0 0
3816 18 2 2 0 0 0 14 0 0
3829 6 0 0 2 0 0 0 0 0
3835 8 0 0 0 0 0 0 0 0
3836 4 0 0 0 0 0 0 0 0
3847 8 0 0 0 0 0 0 0 0
3860 6 1 1 2 1 1 0 0 0
3871 4 0 0 1 0 0 0 0 0
3872 3 0 0 1 0 0 0 0 0
3896 1 0 0 0 0 0 0 0 0
3898 3 1 1 2 0 0 0 0 0
3899 2 0 0 0 0 0 0 0 0
3900 2 0 0 0 0 0 0 0 0
3903 1 0 0 1 0 0 0 0 0
3904 4 0 0 0 0 0 0 0 0
3909 3 0 0 1 0 0 0 0 0
3918 2 1 1 0 0 0 0 0 0
3920 1 0 0 0 0 0 1 0 0
3922 6 0 0 2 0 0 0 0 0
3924 2 0 0 0 0 0 0 0 0
3935 2 1 1 0 0 0 0 0 0
3936 3 0 0 1 0 0 0 0 0
3945 7 1 1 3 2 2 0 0 0
3947 2 0 0 0 0 0 1 0 0
3950 1 0 0 0 0 0 0 0 0
3954 3 1 1 1 1 1 0 0 0
3960 4 0 0 1 0 0 0 0 0
3962 3 1 1 1 1 1 0 0 0
3968 3 0 0 1 1 1 0 0 0
3974 2 0 0 0 0 0 0 0 0
3975 2 0 0 0 0 0 0 0 0
3976 2 1 1 1 1 1 0 0 0
3985 2 0 0 1 0 0 0 0 0
3992 2 1 1 1 0 0 0 0 0
3997 2 1 1 1 0 0 0 0 0
4001 2 1 1 1 0 0 0 0 0
4009 1 0 0 0 0 0 0 0 0
4010 1 1 1 1 1 1 0 0 0
4011 2 0 0 1 0 0 0 0 0
4016 1 0 0 0 0 0 1 0 0
4017 1 0 0 0 0 0 1 0 0
4018 2 0 0 0 0 0 0 0 0
4020 1 1 1 0 0 0 1 0 0
4021 1 0 0 0 0 0 1 0 0
4023 1 0 0 0 0 0 1 0 0
4024 1 0 0 0 0 0 1 0 0
4026 3 0 0 0 0 0 1 0 0
4027 1 0 0 0 0 0 1 0 0
4057 2 0 0 0 0 0 0 0 0
4077 3 1 1 1 0 0 0 0 0
4078 3 0 0 1 0 0 0 0 0
4079 4 0 0 2 0 0 0 0 0
4089 16 0 0 14 0 0 0 0 0
fn=_int_malloc
1864 15 1 1 5 2 2 0 0 0
2273 15 1 1 6 2 0 6 0 0
2274 2 0 0 0 0 0 0 0 0
2284 12 0 0 7 2 2 0 0 0
2299 10 0 0 4 0 0 0 0 0
2305 4 0 0 0 0 0 0 0 0
2307 16 2 2 0 0 0 4 0 0
2309 6 0 0 2 0 0 0 0 0
2324 6 0 0 0 0 0 0 0 0
2339 6 0 0 0 0 0 2 2 2
2344 6 0 0 4 0 0 0 0 0
2345 10 1 1 4 0 0 0 0 0
2348 6 0 0 4 0 0 0 0 0
2349 10 0 0 4 0 0 0 0 0
2362 1 0 0 0 0 0 0 0 0
2371 4 3 3 0 0 0 0 0 0
2380 3 1 1 0 0 0 0 0 0
2435 2 1 1 1 0 0 0 0 0
2444 5 0 0 1 0 0 0 0 0
2454 9 0 0 1 0 0 2 0 0
2462 2 1 1 0 0 0 0 0 0
2464 6 0 0 3 1 0 2 0 0
2468 5 0 0 2 0 0 0 0 0
2471 2 1 1 2 0 0 0 0 0
2472 2 0 0 0 0 0 0 0 0
2491 1 0 0 0 0 0 0 0 0
2518 2 0 0 1 0 0 0 0 0
2519 1 0 0 0 0 0 1 0 0
2520 3 1 1 1 0 0 1 0 0
2526 2 0 0 0 0 0 0 0 0
2529 8 3 3 1 0 0 0 0 0
2571 6 1 1 0 0 0 0 0 0
2590 1 0 0 0 0 0 0 0 0
2593 2 0 0 0 0 0 0 0 0
2594 7 1 1 2 0 0 0 0 0
2596 2 0 0 0 0 0 0 0 0
2597 4 0 0 2 0 0 2 0 0
2609 3 1 1 1 0 0 0 0 0
2617 2 0 0 2 0 0 0 0 0
2618 3 0 0 1 0 0 0 0 0
2656 1 0 0 0 0 0 1 0 0
2657 5 0 0 0 0 0 1 1 1
2658 2 1 1 0 0 0 1 0 0
2669 2 0 0 0 0 0 0 0 0
2702 2 1 1 1 0 0 0 0 0
2703 1 0 0 0 0 0 1 0 0
2708 2 0 0 1 0 0 0 0 0
2711 2 0 0 1 0 0 0 0 0
2713 1 0 0 0 0 0 0 0 0
2714 1 0 0 0 0 0 0 0 0
2715 1 0 0 0 0 0 1 0 0
2716 8 0 0 0 0 0 1 0 0
2717 2 0 0 0 0 0 1 0 0
2719 1 0 0 0 0 0 0 0 0
3304 40 1 1 0 0 0 35 1 0
3334 50 0 0 0 0 0 0 0 0
3342 10 1 1 5 2 2 0 0 0
3344 3 0 0 0 0 0 0 0 0
3345 3 0 0 0 0 0 0 0 0
3346 1 0 0 1 0 0 0 0 0
3350 2 0 0 0 0 0 0 0 0
3379 10 2 2 0 0 0 0 0 0
3381 4 0 0 0 0 0 0 0 0
3382 4 0 0 0 0 0 0 0 0
3384 6 0 0 2 1 1 0 0 0
3423 52 5 5 0 0 0 0 0 0
3424 6 0 0 3 0 0 0 0 0
3425 4 0 0 1 0 0 2 0 0
3444 25 1 1 5 1 1 0 0 0
3578 10 1 1 0 0 0 0 0 0
3580 6 1 1 0 0 0 0 0 0
3583 9 0 0 3 1 1 0 0 0
3651 5 0 0 0 0 0 0 0 0
3652 10 0 0 0 0 0 0 0 0
3653 10 0 0 0 0 0 0 0 0
3654 10 0 0 5 3 2 0 0 0
3655 10 0 0 0 0 0 0 0 0
3660 30 1 1 0 0 0 0 0 0
3664 34 0 0 0 0 0 0 0 0
3667 28 0 0 7 0 0 0 0 0
3767 5 1 1 5 1 1 0 0 0
3768 15 0 0 5 1 1 0 0 0
3770 15 1 1 0 0 0 0 0 0
3772 2 1 1 0 0 0 0 0 0
3773 2 0 0 0 0 0 0 0 0
3774 2 0 0 0 0 0 2 0 0
3775 16 1 1 0 0 0 2 0 0
3777 4 0 0 0 0 0 2 2 2
3780 2 0 0 0 0 0 0 0 0
3787 6 0 0 3 0 0 0 0 0
3792 20 0 0 0 0 0 5 0 0
3794 125 1 1 0 0 0 50 0 0
3803 6 1 1 0 0 0 0 0 0
3808 45 0 0 35 0 0 0 0 0
4992 20 0 0 0 0 0 10 0 0
4994 15 2 2 5 0 0 5 0 0
5002 3 1 1 0 0 0 3 0 0
fn=free
2809 6 0 0 2 0 0 0 0 0
2810 2 0 0 0 0 0 0 0 0
2816 14 0 0 4 0 0 0 0 0
2823 2 0 0 4 0 0 0 0 0
2824 6 0 0 4 0 0 0 0 0
2829 5 1 1 1 0 0 0 0 0
2919 10 1 1 10 2 2 0 0 0
2920 10 0 0 0 0 0 0 0 0
2926 10 0 0 0 0 0 0 0 0
2929 4 1 1 0 0 0 0 0 0
2931 12 0 0 4 2 2 0 0 0
2934 6 0 0 2 1 1 0 0 0
2935 4 1 1 2 1 1 0 0 0
2936 4 0 0 0 0 0 0 0 0
2939 2 0 0 0 0 0 0 0 0
2947 6 0 0 0 0 0 0 0 0
2948 4 0 0 0 0 0 0 0 0
fn=malloc
2878 24 1 1 0 0 0 12 0 0
2883 12 0 0 12 6 2 0 0 0
2884 12 0 0 0 0 0 0 0 0
2885 2 1 1 1 0 0 0 0 0
2887 10 0 0 10 2 2 0 0 0
2889 40 1 1 10 1 0 0 0 0
2893 20 0 0 0 0 0 5 0 0
2894 10 0 0 0 0 0 0 0 0
2905 20 1 1 10 0 0 0 0 0
2906 30 0 0 5 0 0 0 0 0
2909 28 0 0 18 0 0 0 0 0
fn=malloc_consolidate
1787 381 0 0 0 0 0 0 0 0
1790 381 0 0 0 0 0 254 32 32
1794 3 1 1 0 0 0 0 0 0
1798 3 1 1 1 0 0 1 0 0
1799 2 0 0 0 0 0 1 0 0
1801 1 0 0 0 0 0 1 1 1
4106 8 1 1 0 0 0 6 1 0
4128 5 0 0 1 0 0 0 0 0
4201 8 0 0 7 0 0 0 0 0
5001 1 1 1 0 0 0 0 0 0
fl=/build/eglibc-SvCtMH/eglibc-2.19/malloc/morecore.c
fn=__default_morecore
46 2 1 1 0 0 0 0 0 0
47 2 0 0 0 0 0 2 0 0
49 6 0 0 0 0 0 0 0 0
52 6 0 0 2 0 0 0 0 0
fl=/build/eglibc-SvCtMH/eglibc-2.19/math/../sysdeps/ieee754/dbl-64/wordsize-64/s_isinf.c
fn=isinf
19 1 0 0 0 0 0 0 0 0
20 2 1 1 0 0 0 0 0 0
21 2 0 0 0 0 0 0 0 0
22 3 0 0 0 0 0 0 0 0
23 4 0 0 0 0 0 0 0 0
24 1 0 0 1 0 0 0 0 0
fl=/build/eglibc-SvCtMH/eglibc-2.19/math/../sysdeps/ieee754/dbl-64/wordsize-64/s_isnan.c
fn=isnan
26 1 0 0 0 0 0 0 0 0
27 2 1 1 0 0 0 0 0 0
28 2 0 0 0 0 0 0 0 0
29 1 1 1 0 0 0 0 0 0
30 1 0 0 1 0 0 0 0 0
fl=/build/eglibc-SvCtMH/eglibc-2.19/misc/../sysdeps/unix/syscall-template.S
fn=mmap
81 90 3 3 0 0 0 0 0 0
82 18 0 0 18 0 0 0 0 0
fn=mprotect
81 40 1 1 0 0 0 0 0 0
82 10 0 0 10 0 0 0 0 0
fn=munmap
81 12 0 0 0 0 0 0 0 0
82 3 0 0 3 0 0 0 0 0
fl=/build/eglibc-SvCtMH/eglibc-2.19/misc/../sysdeps/unix/sysv/linux/getpagesize.c
fn=getpagesize
29 4 1 1 2 0 0 0 0 0
31 1 0 0 1 0 0 0 0 0
fl=/build/eglibc-SvCtMH/eglibc-2.19/misc/../sysdeps/unix/sysv/linux/x86_64/brk.c
fn=brk
28 2 0 0 0 0 0 0 0 0
31 16 1 1 2 0 0 2 0 0
33 4 0 0 0 0 0 0 0 0
39 2 0 0 0 0 0 0 0 0
40 2 0 0 2 0 0 0 0 0
fl=/build/eglibc-SvCtMH/eglibc-2.19/misc/init-misc.c
fn=__init_misc
30 4 1 1 0 0 0 2 0 0
31 5 0 0 1 0 0 0 0 0
33 3 0 0 0 0 0 1 0 0
37 5 0 0 1 1 0 1 1 0
38 3 1 1 2 0 0 1 0 0
40 4 0 0 3 0 0 0 0 0
fl=/build/eglibc-SvCtMH/eglibc-2.19/misc/sbrk.c
fn=sbrk
34 8 1 1 0 0 0 6 0 0
42 11 1 1 5 3 1 0 0 0
43 6 1 1 1 0 0 1 0 0
46 4 0 0 0 0 0 0 0 0
50 4 0 0 0 0 0 0 0 0
53 3 0 0 0 0 0 1 0 0
57 10 0 0 8 0 0 0 0 0
fl=/build/eglibc-SvCtMH/eglibc-2.19/nptl/../nptl/pthread_mutex_lock.c
fn=pthread_mutex_lock
63 4 1 1 0 0 0 0 0 0
66 6 0 0 2 0 0 0 0 0
70 6 0 0 0 0 0 0 0 0
74 4 0 0 0 0 0 0 0 0
83 4 1 1 0 0 0 0 0 0
94 8 0 0 0 0 0 0 0 0
98 2 0 0 2 0 0 0 0 0
101 4 0 0 2 0 0 0 0 0
114 8 2 2 2 0 0 0 0 0
116 4 0 0 2 0 0 0 0 0
117 4 0 0 0 0 0 2 0 0
158 2 2 2 2 0 0 0 0 0
161 2 0 0 0 0 0 2 0 0
163 2 0 0 2 0 0 0 0 0
168 2 0 0 0 0 0 0 0 0
169 4 0 0 2 0 0 0 0 0
fl=/build/eglibc-SvCtMH/eglibc-2.19/nptl/../nptl/sysdeps/pthread/list.h
fn=__pthread_initialize_minimal
60 2 0 0 0 0 0 1 0 0
61 1 0 0 0 0 0 1 0 0
62 1 1 1 0 0 0 1 0 0
64 1 0 0 0 0 0 1 0 0
fl=/build/eglibc-SvCtMH/eglibc-2.19/nptl/../nptl/sysdeps/unix/sysv/linux/libc_pthread_init.c
fn=__libc_pthread_init
42 2 1 1 0 0 0 1 0 0
44 1 0 0 0 0 0 1 1 1
47 6 0 0 0 0 0 1 0 0
66 164 1 1 0 0 0 0 0 0
68 54 0 0 54 4 0 0 0 0
69 108 0 0 54 0 0 0 0 0
70 54 0 0 0 0 0 54 6 6
72 1 0 0 0 0 0 1 0 0
78 3 0 0 2 0 0 0 0 0
fl=/build/eglibc-SvCtMH/eglibc-2.19/nptl/../nptl/sysdeps/unix/sysv/linux/pthread_getaffinity.c
fn=pthread_getaffinity_np@@GLIBC_2.3.4
31 3 1 1 0 0 0 0 0 0
35 6 0 0 1 0 0 0 0 0
37 2 0 0 0 0 0 0 0 0
41 6 1 1 0 0 0 1 0 0
43 1 0 0 0 0 0 0 0 0
44 2 0 0 1 0 0 0 0 0
fl=/build/eglibc-SvCtMH/eglibc-2.19/nptl/../nptl/sysdeps/unix/sysv/linux/register-atfork.c
fn=__linkin_atfork
116 2 1 1 1 1 0 1 0 0
117 6 0 0 2 1 0 0 0 0
119 1 0 0 1 0 0 0 0 0
fn=__register_atfork
44 2 1 1 0 0 0 0 0 0
51 2 0 0 0 0 0 0 0 0
52 3 0 0 1 1 1 0 0 0
71 3 0 0 0 0 0 0 0 0
72 1 0 0 0 0 0 1 0 0
73 1 1 1 0 0 0 1 0 0
86 7 1 1 0 0 0 3 0 0
88 6 0 0 2 2 2 0 0 0
95 1 0 0 0 0 0 1 0 0
96 1 0 0 0 0 0 1 0 0
97 1 0 0 0 0 0 1 0 0
98 2 0 0 0 0 0 1 0 0
104 4 0 0 2 0 0 0 0 0
106 3 0 0 0 0 0 0 0 0
107 5 0 0 4 0 0 0 0 0
116 2 0 0 1 0 0 1 0 0
117 6 1 1 2 0 0 0 0 0
fl=/build/eglibc-SvCtMH/eglibc-2.19/nptl/../nptl/sysdeps/unix/sysv/linux/unregister-atfork.c
fn=__unregister_atfork
28 6 0 0 0 0 0 3 0 0
36 3 1 1 3 1 1 0 0 0
39 18 0 0 0 0 0 0 0 0
40 18 0 0 6 2 2 0 0 0
45 6 0 0 6 1 1 0 0 0
121 6 0 0 6 0 0 0 0 0
fl=/build/eglibc-SvCtMH/eglibc-2.19/nptl/../nptl/sysdeps/unix/sysv/linux/x86/elision-conf.c
fn=elision_init
64 1 1 1 0 0 0 0 0 0
65 5 0 0 1 0 0 2 0 0
69 2 0 0 1 0 0 0 0 0
fl=/build/eglibc-SvCtMH/eglibc-2.19/nptl/../sysdeps/unix/sysv/linux/bits/sigset.h
fn=__pthread_initialize_minimal
117 2 1 1 1 0 0 0 0 0
fl=/build/eglibc-SvCtMH/eglibc-2.19/nptl/../sysdeps/unix/sysv/linux/x86_64/sigaction.c
fn=__libc_sigaction
49 4 1 1 0 0 0 0 0 0
53 4 0 0 0 0 0 0 0 0
55 4 0 0 2 0 0 2 0 0
56 64 2 2 32 0 0 32 0 0
57 8 0 0 2 0 0 2 0 0
59 4 1 1 0 0 0 2 0 0
64 34 1 1 0 0 0 0 0 0
67 8 0 0 0 0 0 0 0 0
75 4 0 0 2 0 0 0 0 0
fl=/build/eglibc-SvCtMH/eglibc-2.19/nptl/../sysdeps/x86_64/multiarch/init-arch.c
fn=__get_cpu_features
31 7 0 0 0 0 0 4 0 0
37 3 0 0 0 0 0 0 0 0
38 3 0 0 0 0 0 0 0 0
39 2 1 1 0 0 0 0 0 0
54 3 0 0 0 0 0 1 0 0
57 6 1 1 0 0 0 0 0 0
59 4 0 0 0 0 0 0 0 0
65 3 0 0 0 0 0 0 0 0
66 2 0 0 0 0 0 0 0 0
71 2 0 0 0 0 0 0 0 0
74 12 1 1 0 0 0 0 0 0
101 2 1 1 0 0 0 0 0 0
123 1 0 0 1 1 1 0 0 0
152 2 1 1 1 0 0 0 0 0
153 7 1 1 0 0 0 4 0 0
160 3 0 0 1 0 0 0 0 0
164 2 0 0 0 0 0 0 0 0
166 3 0 0 0 0 0 0 0 0
170 2 0 0 0 0 0 0 0 0
171 1 0 0 1 0 0 0 0 0
173 2 0 0 0 0 0 0 0 0
176 2 1 1 1 0 0 0 0 0
184 6 1 1 0 0 0 0 0 0
185 4 0 0 0 0 0 0 0 0
186 2 0 0 0 0 0 0 0 0
189 1 0 0 0 0 0 1 0 0
190 1 0 0 0 0 0 1 0 0
192 1 0 0 0 0 0 1 0 0
199 1 0 0 0 0 0 1 0 0
200 3 1 1 1 1 1 0 0 0
204 3 0 0 2 0 0 0 0 0
fl=/build/eglibc-SvCtMH/eglibc-2.19/nptl/cleanup_defer_compat.c
fn=_pthread_cleanup_pop_restore
68 2 0 0 1 0 0 1 0 0
71 3 1 1 1 0 0 0 0 0
94 3 0 0 1 0 0 0 0 0
fn=_pthread_cleanup_push_defer
30 1 1 1 0 0 0 1 1 1
31 1 0 0 0 0 0 1 0 0
32 2 0 0 1 1 1 1 0 0
34 1 0 0 1 1 1 0 0 0
37 3 0 0 0 0 0 0 0 0
52 1 0 0 0 0 0 1 0 0
54 3 0 0 0 0 0 0 0 0
56 2 1 1 1 0 0 1 0 0
fl=/build/eglibc-SvCtMH/eglibc-2.19/nptl/nptl-init.c
fn=__pthread_initialize_minimal
281 4 2 2 0 0 0 3 0 0
295 1 0 0 1 0 0 0 0 0
297 5 0 0 0 0 0 2 1 0
298 2 0 0 0 0 0 1 1 0
299 1 0 0 0 0 0 1 1 0
303 3 1 1 2 1 0 1 0 0
308 2 0 0 0 0 0 1 0 0
310 1 0 0 0 0 0 1 0 0
312 1 0 0 0 0 0 1 0 0
315 3 0 0 0 0 0 0 0 0
340 1 1 1 0 0 0 1 0 0
346 8 0 0 0 0 0 1 0 0
349 2 0 0 0 0 0 0 0 0
350 2 0 0 0 0 0 0 0 0
351 2 0 0 0 0 0 1 1 1
358 3 1 1 2 1 0 1 1 0
361 2 0 0 0 0 0 1 1 1
362 1 0 0 0 0 0 0 0 0
366 2 0 0 1 1 0 1 0 0
372 2 1 1 0 0 0 1 0 0
373 1 0 0 0 0 0 1 0 0
374 22 0 0 0 0 0 16 0 0
376 4 0 0 0 0 0 1 1 0
379 2 0 0 0 0 0 1 0 0
380 1 0 0 0 0 0 1 0 0
382 4 0 0 0 0 0 1 0 0
389 6 0 0 0 0 0 0 0 0
395 3 0 0 0 0 0 1 0 0
398 3 0 0 1 0 0 0 0 0
400 3 2 2 0 0 0 1 0 0
402 6 1 1 1 0 0 1 0 0
407 5 1 1 0 0 0 1 0 0
408 3 0 0 1 0 0 0 0 0
412 1 0 0 0 0 0 0 0 0
415 3 0 0 0 0 0 0 0 0
419 2 0 0 2 0 0 0 0 0
420 5 0 0 1 0 0 0 0 0
425 5 1 1 0 0 0 1 0 0
426 4 0 0 1 0 0 0 0 0
427 2 0 0 1 0 0 1 1 1
428 1 0 0 0 0 0 1 1 1
429 2 0 0 2 0 0 0 0 0
433 5 1 1 2 0 0 3 0 0
434 2 0 0 1 0 0 1 0 0
438 2 1 1 0 0 0 1 1 0
439 2 0 0 0 0 0 1 0 0
440 1 0 0 1 1 0 0 0 0
441 1 0 0 0 0 0 1 0 0
442 2 0 0 0 0 0 0 0 0
443 1 0 0 0 0 0 0 0 0
445 2 0 0 0 0 0 1 0 0
448 2 0 0 0 0 0 1 0 0
450 2 0 0 0 0 0 1 0 0
454 1 0 0 0 0 0 1 0 0
456 4 1 1 0 0 0 1 0 0
460 1 0 0 0 0 0 1 0 0
461 5 0 0 4 0 0 0 0 0
fl=/build/eglibc-SvCtMH/eglibc-2.19/nptl/pthread_attr_init.c
fn=pthread_attr_init@@GLIBC_2.2.5
35 2 1 1 0 0 0 1 0 0
41 24 1 1 0 0 0 7 1 0
47 3 0 0 0 0 0 2 0 0
50 3 0 0 2 0 0 0 0 0
fl=/build/eglibc-SvCtMH/eglibc-2.19/nptl/pthread_attr_setdetachstate.c
fn=pthread_attr_setdetachstate
35 2 1 1 0 0 0 0 0 0
41 1 0 0 1 0 0 0 0 0
45 2 0 0 1 0 0 0 0 0
fl=/build/eglibc-SvCtMH/eglibc-2.19/nptl/pthread_key_create.c
fn=pthread_key_create
28 1 1 1 0 0 0 0 0 0
30 2 0 0 0 0 0 0 0 0
32 1 0 0 1 0 0 0 0 0
34 5 0 0 0 0 0 0 0 0
36 3 0 0 1 0 0 0 0 0
40 4 1 1 0 0 0 1 0 0
43 1 0 0 0 0 0 1 0 0
46 2 0 0 1 0 0 0 0 0
fl=/build/eglibc-SvCtMH/eglibc-2.19/nptl/pthread_key_delete.c
fn=pthread_key_delete
30 2 1 1 0 0 0 0 0 0
32 4 0 0 1 1 1 0 0 0
34 2 0 0 0 0 0 0 0 0
35 4 1 1 1 0 0 0 0 0
38 1 0 0 0 0 0 0 0 0
42 1 0 0 1 0 0 0 0 0
fl=/build/eglibc-SvCtMH/eglibc-2.19/nptl/pthread_mutex_unlock.c
fn=pthread_mutex_unlock
41 6 1 1 2 1 0 0 0 0
42 6 1 1 0 0 0 0 0 0
46 4 0 0 0 0 0 0 0 0
51 2 0 0 0 0 0 2 0 0
54 2 0 0 2 0 0 0 0 0
57 6 0 0 4 0 0 0 0 0
63 4 0 0 0 0 0 0 0 0
69 8 1 1 0 0 0 0 0 0
73 6 0 0 4 1 0 0 0 0
76 4 1 1 2 0 0 0 0 0
309 2 0 0 0 0 0 0 0 0
311 4 0 0 2 0 0 0 0 0
fl=/build/eglibc-SvCtMH/eglibc-2.19/nptl/pthread_self.c
fn=pthread_self
26 1 1 1 1 0 0 0 0 0
27 1 0 0 1 0 0 0 0 0
fl=/build/eglibc-SvCtMH/eglibc-2.19/nptl/pthread_setspecific.c
fn=pthread_setspecific
28 6 1 1 0 0 0 4 0 0
35 1 0 0 1 0 0 0 0 0
39 2 0 0 0 0 0 0 0 0
42 8 1 1 1 1 1 0 0 0
44 1 0 0 0 0 0 0 0 0
46 3 0 0 0 0 0 0 0 0
49 2 1 1 0 0 0 0 0 0
84 1 0 0 0 0 0 1 1 1
89 2 0 0 0 0 0 1 0 0
90 1 0 0 0 0 0 1 1 1
92 1 0 0 0 0 0 0 0 0
93 6 0 0 5 0 0 0 0 0
fl=/build/eglibc-SvCtMH/eglibc-2.19/posix/../posix/sched_cpucount.c
fn=popcount_cpucount
25 1 0 0 0 0 0 0 0 0
27 2 1 1 0 0 0 0 0 0
29 36 0 0 1 0 0 0 0 0
31 16 0 0 0 0 0 0 0 0
34 48 0 0 16 0 0 0 0 0
fl=/build/eglibc-SvCtMH/eglibc-2.19/posix/../sysdeps/unix/syscall-template.S
fn=uname
81 4 1 1 0 0 0 0 0 0
82 1 0 0 1 0 0 0 0 0
fl=/build/eglibc-SvCtMH/eglibc-2.19/posix/../sysdeps/unix/sysv/linux/_exit.c
fn=_Exit
28 2 1 1 1 0 0 0 0 0
32 4 1 1 0 0 0 0 0 0
34 2 0 0 0 0 0 0 0 0
fl=/build/eglibc-SvCtMH/eglibc-2.19/posix/../sysdeps/x86_64/multiarch/sched_cpucount.c
fn=__sched_cpucount
35 1 1 1 0 0 0 0 0 0
fl=/build/eglibc-SvCtMH/eglibc-2.19/resource/../sysdeps/unix/syscall-template.S
fn=getrlimit
81 4 1 1 0 0 0 0 0 0
82 1 0 0 1 0 0 0 0 0
fl=/build/eglibc-SvCtMH/eglibc-2.19/setjmp/../sysdeps/x86_64/bsd-_setjmp.S
fn=_setjmp
30 1 1 1 0 0 0 0 0 0
32 1 0 0 0 0 0 0 0 0
fl=/build/eglibc-SvCtMH/eglibc-2.19/setjmp/../sysdeps/x86_64/setjmp.S
fn=__sigsetjmp
26 10 2 2 0 0 0 10 0 0
35 10 0 0 0 0 0 0 0 0
36 20 1 1 10 0 0 0 0 0
37 10 0 0 0 0 0 10 1 1
41 10 0 0 0 0 0 10 0 0
42 10 0 0 0 0 0 10 0 0
43 10 0 0 0 0 0 10 0 0
44 10 0 0 0 0 0 10 0 0
45 10 0 0 0 0 0 0 0 0
47 20 0 0 10 0 0 0 0 0
49 10 0 0 0 0 0 10 0 0
50 10 0 0 10 0 0 0 0 0
53 20 1 1 10 0 0 0 0 0
55 10 1 1 0 0 0 10 0 0
59 9 0 0 0 0 0 0 0 0
60 9 0 0 9 0 0 0 0 0
64 1 0 0 0 0 0 0 0 0
fl=/build/eglibc-SvCtMH/eglibc-2.19/setjmp/sigjmp.c
fn=__sigjmp_save
28 2 0 0 0 0 0 1 0 0
29 4 0 0 0 0 0 1 0 0
34 3 0 0 2 0 0 0 0 0
fl=/build/eglibc-SvCtMH/eglibc-2.19/stdio-common/../include/rounding-mode.h
fn=__printf_fp
52 3 1 1 0 0 0 0 0 0
fl=/build/eglibc-SvCtMH/eglibc-2.19/stdio-common/../nptl/sysdeps/pthread/allocalim.h
fn=__printf_fp
28 2 0 0 0 0 0 0 0 0
fl=/build/eglibc-SvCtMH/eglibc-2.19/stdio-common/../sysdeps/generic/get-rounding-mode.h
fn=__printf_fp
93 1 1 1 0 0 0 1 0 0
94 7 1 1 1 0 0 0 0 0
fl=/build/eglibc-SvCtMH/eglibc-2.19/stdio-common/printf-parse.h
fn=vfprintf
108 8 0 0 0 0 0 4 1 1
fl=/build/eglibc-SvCtMH/eglibc-2.19/stdio-common/printf_fp.c
fn=__printf_fp
161 10 1 1 0 0 0 6 0 0
175 1 0 0 0 0 0 1 0 0
176 1 1 1 0 0 0 1 0 0
194 1 1 1 0 0 0 1 0 0
196 1 0 0 0 0 0 1 1 1
208 1 1 1 0 0 0 0 0 0
215 6 0 0 1 0 0 1 0 0
274 2 0 0 0 0 0 0 0 0
276 6 0 0 4 3 3 2 0 0
277 2 0 0 1 0 0 1 0 0
300 3 1 1 1 0 0 0 0 0
342 1 1 1 0 0 0 1 0 0
349 2 0 0 0 0 0 0 0 0
351 1 0 0 1 0 0 0 0 0
396 3 1 1 1 0 0 1 0 0
400 3 0 0 0 0 0 1 1 1
415 5 1 1 1 0 0 1 0 0
431 10 2 2 1 0 0 3 0 0
435 4 0 0 0 0 0 0 0 0
471 7 1 1 1 0 0 0 0 0
472 1 0 0 0 0 0 0 0 0
473 1 0 0 0 0 0 0 0 0
474 1 0 0 0 0 0 0 0 0
475 6 0 0 0 0 0 1 0 0
476 4 1 1 0 0 0 1 0 0
477 4 0 0 0 0 0 1 0 0
483 1 0 0 0 0 0 1 0 0
484 2 0 0 0 0 0 0 0 0
623 1 1 1 0 0 0 0 0 0
655 2 1 1 0 0 0 0 0 0
658 1 0 0 0 0 0 1 0 0
659 1 0 0 0 0 0 0 0 0
660 1 0 0 0 0 0 0 0 0
663 4 1 1 0 0 0 1 1 1
664 5 1 1 2 0 0 2 0 0
667 1 0 0 0 0 0 1 0 0
668 3 0 0 1 0 0 1 0 0
673 12 0 0 0 0 0 0 0 0
675 24 0 0 12 5 5 0 0 0
688 1 0 0 0 0 0 1 0 0
716 3 0 0 0 0 0 1 0 0
784 12 1 1 0 0 0 0 0 0
786 58 1 1 0 0 0 0 0 0
788 3 1 1 1 0 0 0 0 0
792 5 0 0 3 0 0 1 0 0
793 1 0 0 1 0 0 0 0 0
796 2 1 1 2 0 0 0 0 0
797 5 0 0 2 0 0 0 0 0
805 5 1 1 1 0 0 1 0 0
806 1 0 0 0 0 0 1 0 0
807 2 1 1 1 0 0 0 0 0
810 3 0 0 1 0 0 1 0 0
828 2 1 1 1 0 0 1 0 0
837 1 0 0 0 0 0 1 0 0
838 6 0 0 4 3 3 1 0 0
840 2 1 1 0 0 0 0 0 0
842 1 1 1 0 0 0 1 0 0
844 6 1 1 1 0 0 2 0 0
853 3 0 0 1 0 0 1 0 0
854 1 0 0 0 0 0 1 0 0
855 1 0 0 0 0 0 1 0 0
864 1 0 0 0 0 0 1 0 0
898 3 1 1 1 0 0 0 0 0
912 6 1 1 1 0 0 0 0 0
913 1 0 0 1 0 0 0 0 0
919 2 1 1 1 0 0 0 0 0
920 1 0 0 0 0 0 1 0 0
921 1 0 0 0 0 0 1 0 0
929 6 1 1 1 0 0 1 0 0
930 2 0 0 1 0 0 0 0 0
933 5 0 0 2 0 0 0 0 0
936 21 3 3 7 0 0 4 0 0
939 4 0 0 0 0 0 2 1 1
941 1 1 1 0 0 0 1 0 0
942 2 0 0 1 0 0 0 0 0
943 3 0 0 1 0 0 0 0 0
945 6 0 0 2 0 0 1 0 0
957 3 0 0 0 0 0 1 0 0
958 18 0 0 7 0 0 7 0 0
959 21 1 1 0 0 0 0 0 0
960 6 1 1 1 0 0 0 0 0
962 6 0 0 0 0 0 0 0 0
963 18 0 0 6 0 0 12 0 0
964 18 1 1 0 0 0 0 0 0
975 3 0 0 2 0 0 0 0 0
976 4 0 0 1 0 0 3 0 0
978 6 1 1 2 0 0 0 0 0
979 1 0 0 0 0 0 0 0 0
995 4 0 0 0 0 0 0 0 0
1000 2 0 0 0 0 0 0 0 0
1005 8 1 1 2 0 0 0 0 0
1010 2 0 0 1 0 0 0 0 0
1012 2 0 0 1 0 0 0 0 0
1014 2 0 0 0 0 0 1 0 0
1025 5 0 0 3 0 0 0 0 0
1094 3 1 1 0 0 0 0 0 0
1101 2 0 0 0 0 0 0 0 0
1104 2 1 1 1 0 0 0 0 0
1117 3 1 1 1 0 0 0 0 0
1119 5 1 1 2 0 0 0 0 0
1138 1 0 0 0 0 0 1 0 0
1139 6 0 0 1 0 0 1 0 0
1143 3 0 0 1 0 0 0 0 0
1148 4 0 0 1 0 0 1 0 0
1157 3 1 1 0 0 0 1 0 0
1163 6 0 0 2 0 0 0 0 0
1165 7 1 1 1 0 0 2 0 0
1167 7 0 0 1 0 0 0 0 0
1170 2 0 0 0 0 0 0 0 0
1172 3 1 1 1 0 0 0 0 0
1174 2 1 1 0 0 0 0 0 0
1175 6 2 2 4 0 0 0 0 0
1177 4 1 1 1 0 0 0 0 0
1186 3 0 0 1 0 0 0 0 0
1192 3 0 0 1 0 0 0 0 0
1196 4 1 1 1 0 0 3 0 0
1198 4 0 0 2 0 0 0 0 0
1199 2 0 0 0 0 0 1 0 0
1203 2 1 1 1 0 0 0 0 0
1204 2 0 0 1 0 0 0 0 0
1205 2 1 1 1 0 0 0 0 0
1216 5 0 0 0 0 0 0 0 0
1217 2 0 0 0 0 0 1 0 0
1223 50 1 1 2 0 0 4 0 0
1224 36 0 0 12 0 0 0 0 0
1225 5 0 0 2 0 0 1 0 0
1226 22 0 0 0 0 0 0 0 0
1229 22 0 0 0 0 0 11 0 0
1232 1 0 0 0 0 0 0 0 0
1233 2 1 1 1 0 0 0 0 0
1250 230 5 5 61 0 0 36 0 0
1253 2 1 1 1 0 0 0 0 0
1260 3 0 0 1 0 0 0 0 0
1264 8 1 1 7 0 0 0 0 0
fn=hack_digit.13665
231 32 1 1 0 0 0 16 0 0
234 40 0 0 16 0 0 0 0 0
236 24 1 1 8 0 0 0 0 0
238 32 1 1 24 0 0 0 0 0
239 40 0 0 0 0 0 16 0 0
269 48 0 0 24 0 0 0 0 0
fl=/build/eglibc-SvCtMH/eglibc-2.19/stdio-common/vfprintf.c
fn=vfprintf
235 11 1 1 0 0 0 6 0 0
240 1 1 1 0 0 0 1 0 0
270 3 0 0 2 2 2 1 1 1
274 1 0 0 0 0 0 1 0 0
277 1 0 0 0 0 0 1 1 1
283 1 0 0 0 0 0 1 0 0
1295 4 1 1 1 1 1 1 0 0
1299 5 0 0 1 0 0 0 0 0
1310 2 0 0 0 0 0 0 0 0
1317 1 0 0 0 0 0 1 0 0
1321 6 1 1 3 0 0 3 1 1
1325 1 0 0 0 0 0 1 0 0
1332 1 0 0 0 0 0 1 0 0
1336 14 4 4 4 1 1 3 0 0
1337 8 1 1 5 0 0 0 0 0
1340 13 1 1 3 1 1 3 0 0
1344 3 1 1 2 0 0 0 0 0
1348 7 1 1 3 2 2 0 0 0
1375 1 0 0 0 0 0 1 1 1
1376 1 1 1 0 0 0 1 0 0
1377 1 0 0 0 0 0 1 0 0
1378 1 0 0 0 0 0 1 0 0
1379 1 0 0 0 0 0 1 0 0
1380 1 0 0 0 0 0 1 0 0
1381 1 0 0 0 0 0 1 0 0
1382 1 1 1 0 0 0 1 0 0
1383 1 0 0 0 0 0 1 0 0
1384 1 0 0 0 0 0 1 0 0
1385 1 0 0 0 0 0 1 0 0
1388 1 0 0 0 0 0 1 0 0
1389 1 0 0 0 0 0 1 0 0
1392 1 0 0 0 0 0 1 0 0
1393 1 0 0 0 0 0 0 0 0
1396 17 2 2 4 2 2 2 0 0
1559 3 0 0 0 0 0 1 0 0
1580 2 0 0 0 0 0 1 1 1
1660 81 8 8 18 0 0 16 1 1
1680 2 1 1 1 0 0 0 0 0
1682 1 0 0 0 0 0 1 0 0
1688 4 1 1 1 0 0 2 0 0
1692 23 1 1 5 0 0 3 0 0
1694 2 0 0 1 0 0 0 0 0
2091 2 1 1 1 0 0 0 0 0
2093 2 0 0 1 0 0 0 0 0
2095 2 0 0 1 0 0 0 0 0
2098 5 0 0 3 0 0 0 0 0
2099 10 0 0 3 0 0 1 0 0
2101 1 0 0 1 0 0 0 0 0
2102 8 0 0 7 0 0 0 0 0
fl=/build/eglibc-SvCtMH/eglibc-2.19/stdlib/../stdlib/strtol.c
fn=strtol
108 12 1 1 6 1 0 0 0 0
fl=/build/eglibc-SvCtMH/eglibc-2.19/stdlib/../stdlib/strtol_l.c
fn=____strtol_l_internal
232 27 2 2 0 0 0 21 0 0
246 3 0 0 3 0 0 0 0 0
252 3 0 0 0 0 0 0 0 0
258 6 0 0 0 0 0 0 0 0
279 3 0 0 0 0 0 0 0 0
280 3 0 0 0 0 0 0 0 0
289 12 0 0 0 0 0 0 0 0
298 18 0 0 9 2 1 0 0 0
300 6 1 1 0 0 0 0 0 0
304 3 0 0 0 0 0 3 0 0
305 6 0 0 0 0 0 0 0 0
310 6 0 0 0 0 0 0 0 0
314 6 1 1 0 0 0 0 0 0
324 6 0 0 0 0 0 0 0 0
331 9 0 0 0 0 0 0 0 0
334 15 1 1 0 0 0 0 0 0
376 3 0 0 0 0 0 0 0 0
379 9 0 0 3 1 1 0 0 0
380 9 1 1 3 1 1 3 0 0
382 3 0 0 0 0 0 0 0 0
383 3 0 0 0 0 0 0 0 0
384 3 0 0 0 0 0 0 0 0
438 51 1 1 9 0 0 0 0 0
440 27 1 1 0 0 0 0 0 0
442 27 0 0 0 0 0 0 0 0
456 6 0 0 0 0 0 3 0 0
470 27 1 1 0 0 0 0 0 0
473 36 0 0 0 0 0 0 0 0
478 12 0 0 0 0 0 0 0 0
479 18 0 0 0 0 0 0 0 0
484 6 0 0 0 0 0 0 0 0
489 9 0 0 3 0 0 0 0 0
495 6 0 0 0 0 0 0 0 0
496 9 2 2 0 0 0 0 0 0
498 9 0 0 3 0 0 0 0 0
513 3 0 0 0 0 0 0 0 0
531 24 0 0 21 0 0 0 0 0
fl=/build/eglibc-SvCtMH/eglibc-2.19/stdlib/../sysdeps/ieee754/dbl-64/dbl2mpn.c
fn=__mpn_extract_double
35 2 1 1 1 0 0 1 0 0
37 3 0 0 0 0 0 1 0 0
38 5 0 0 0 0 0 1 0 0
47 3 1 1 0 0 0 1 0 0
56 3 0 0 0 0 0 0 0 0
103 3 0 0 0 0 0 1 0 0
107 2 1 1 1 0 0 0 0 0
fl=/build/eglibc-SvCtMH/eglibc-2.19/stdlib/../sysdeps/x86_64/lshift.S
fn=__mpn_lshift
29 1 1 1 0 0 0 0 0 0
30 1 0 0 0 0 0 0 0 0
32 1 0 0 0 0 0 0 0 0
33 1 0 0 0 0 0 0 0 0
34 1 0 0 0 0 0 0 0 0
46 1 1 1 0 0 0 0 0 0
47 1 0 0 0 0 0 0 0 0
48 1 0 0 1 0 0 0 0 0
49 1 0 0 0 0 0 0 0 0
50 1 0 0 0 0 0 0 0 0
51 1 0 0 0 0 0 0 0 0
52 1 0 0 0 0 0 0 0 0
58 1 0 0 0 0 0 0 0 0
59 1 0 0 0 0 0 1 0 0
60 1 0 0 1 0 0 0 0 0
fl=/build/eglibc-SvCtMH/eglibc-2.19/stdlib/../sysdeps/x86_64/mul_1.S
fn=__mpn_mul_1
32 9 1 1 0 0 0 9 0 0
35 9 0 0 0 0 0 0 0 0
36 9 0 0 9 0 0 0 0 0
37 9 0 0 0 0 0 0 0 0
38 9 0 0 0 0 0 0 0 0
39 9 0 0 0 0 0 0 0 0
41 9 0 0 0 0 0 0 0 0
42 9 0 0 0 0 0 0 0 0
44 9 0 0 0 0 0 0 0 0
45 9 0 0 0 0 0 0 0 0
46 9 0 0 0 0 0 0 0 0
47 9 0 0 0 0 0 0 0 0
48 8 0 0 0 0 0 0 0 0
50 8 0 0 0 0 0 0 0 0
51 8 0 0 0 0 0 0 0 0
52 8 0 0 0 0 0 8 0 0
53 8 0 0 0 0 0 0 0 0
79 1 1 1 0 0 0 0 0 0
80 1 0 0 0 0 0 0 0 0
81 1 0 0 0 0 0 0 0 0
82 1 0 0 0 0 0 0 0 0
83 1 0 0 0 0 0 0 0 0
84 1 0 0 0 0 0 0 0 0
85 1 0 0 1 0 0 0 0 0
86 1 0 0 0 0 0 0 0 0
87 1 0 0 0 0 0 0 0 0
113 1 1 1 0 0 0 0 0 0
114 1 0 0 0 0 0 0 0 0
115 1 0 0 0 0 0 0 0 0
117 1 0 0 0 0 0 1 1 1
118 1 0 0 0 0 0 0 0 0
119 1 0 0 0 0 0 0 0 0
120 1 0 0 0 0 0 1 0 0
121 1 0 0 0 0 0 0 0 0
122 9 0 0 0 0 0 0 0 0
124 9 0 0 9 0 0 0 0 0
127 9 0 0 9 0 0 0 0 0
fl=/build/eglibc-SvCtMH/eglibc-2.19/stdlib/../sysdeps/x86_64/rshift.S
fn=__mpn_rshift
29 1 1 1 0 0 0 0 0 0
30 1 0 0 0 0 0 0 0 0
31 1 0 0 0 0 0 0 0 0
44 1 1 1 0 0 0 0 0 0
45 1 0 0 0 0 0 0 0 0
61 1 0 0 0 0 0 0 0 0
62 1 0 0 1 0 0 0 0 0
63 1 0 0 1 0 0 0 0 0
64 1 1 1 0 0 0 0 0 0
65 1 0 0 0 0 0 0 0 0
66 1 0 0 0 0 0 0 0 0
67 1 0 0 0 0 0 0 0 0
72 1 0 0 0 0 0 0 0 0
73 1 0 0 0 0 0 1 0 0
74 1 0 0 0 0 0 0 0 0
75 1 0 0 0 0 0 1 0 0
76 1 0 0 1 0 0 0 0 0
fl=/build/eglibc-SvCtMH/eglibc-2.19/stdlib/cxa_atexit.c
fn=__cxa_atexit
35 2 0 0 0 0 0 1 0 0
37 2 0 0 0 0 0 0 0 0
41 3 1 1 1 0 0 0 0 0
43 1 0 0 0 0 0 1 0 0
44 1 0 0 0 0 0 1 0 0
45 1 0 0 0 0 0 1 0 0
47 1 0 0 0 0 0 1 0 0
48 1 0 0 0 0 0 0 0 0
57 6 1 1 0 0 0 3 0 0
59 4 0 0 4 0 0 0 0 0
fn=__new_exitfn
73 4 1 1 0 0 0 2 0 0
74 2 0 0 0 0 0 0 0 0
79 6 1 1 2 1 1 0 0 0
81 8 1 1 2 1 0 0 0 0
83 3 0 0 1 1 0 0 0 0
91 1 0 0 0 0 0 1 0 0
112 1 1 1 0 0 0 0 0 0
113 2 0 0 0 0 0 1 0 0
126 1 1 1 0 0 0 1 0 0
127 1 0 0 1 1 1 0 0 0
130 4 0 0 2 0 0 0 0 0
133 5 0 0 3 0 0 0 0 0
fl=/build/eglibc-SvCtMH/eglibc-2.19/stdlib/cxa_finalize.c
fn=__cxa_finalize
31 24 1 1 0 0 0 18 0 0
35 21 2 2 6 0 0 0 0 0
39 18 0 0 3 0 0 0 0 0
48 3 0 0 0 0 0 0 0 0
67 21 0 0 6 0 0 0 0 0
71 18 1 1 3 1 1 0 0 0
79 6 0 0 0 0 0 0 0 0
80 6 0 0 0 0 0 0 0 0
82 21 1 1 18 0 0 0 0 0
fl=/build/eglibc-SvCtMH/eglibc-2.19/stdlib/cxa_thread_atexit_impl.c
fn=__call_tls_dtors
82 3 1 1 0 0 0 3 0 0
83 5 1 1 1 1 1 1 0 0
101 4 1 1 4 0 0 0 0 0
fl=/build/eglibc-SvCtMH/eglibc-2.19/stdlib/exit.c
fn=__run_exit_handlers
35 8 1 1 0 0 0 4 0 0
40 2 0 0 1 1 1 1 0 0
46 8 0 0 2 1 1 0 0 0
50 6 1 1 0 0 0 0 0 0
52 1 0 0 0 0 0 1 0 0
53 1 0 0 0 0 0 0 0 0
54 5 0 0 1 0 0 0 0 0
78 1 1 1 1 0 0 0 0 0
80 2 0 0 1 0 0 0 0 0
82 3 0 0 1 0 0 1 0 0
83 1 0 0 0 0 0 0 0 0
87 2 0 0 1 0 0 1 0 0
88 2 0 0 0 0 0 0 0 0
94 2 1 1 0 0 0 0 0 0
95 8 0 0 1 1 1 1 0 0
97 2 0 0 0 0 0 1 0 0
fn=exit
103 1 0 0 0 0 0 0 0 0
104 3 1 1 0 0 0 1 0 0
fl=/build/eglibc-SvCtMH/eglibc-2.19/stdlib/getenv.c
fn=getenv
35 96 1 1 0 0 0 72 0 0
36 24 0 0 0 0 0 12 0 0
40 84 0 0 36 0 0 0 0 0
43 24 0 0 12 0 0 0 0 0
68 12 1 1 12 0 0 0 0 0
73 12 0 0 0 0 0 0 0 0
74 12 0 0 0 0 0 0 0 0
76 3348 0 0 840 9 0 0 0 0
85 1656 0 0 828 34 0 0 0 0
92 108 1 1 84 0 0 0 0 0
fl=/build/eglibc-SvCtMH/eglibc-2.19/stdlib/random.c
fn=random
293 30000000 1 1 0 0 0 0 0 0
296 180000000 1 1 60000000 1 1 0 0 0
298 90000000 0 0 0 0 0 30000000 0 0
300 120000000 1 1 60000000 0 0 0 0 0
302 30000000 0 0 30000000 0 0 0 0 0
303 60000000 0 0 30000000 0 0 0 0 0
fl=/build/eglibc-SvCtMH/eglibc-2.19/stdlib/random_r.c
fn=random_r
366 120000000 1 1 0 0 0 0 0 0
369 30967742 0 0 30000000 0 0 0 0 0
371 90000000 0 0 30000000 1 0 0 0 0
380 30000000 0 0 30000000 0 0 0 0 0
381 30000000 0 0 30000000 0 0 0 0 0
382 30000000 0 0 30000000 1 0 0 0 0
385 90000000 0 0 60000000 2 2 30000000 0 0
387 60000000 1 1 0 0 0 30000000 0 0
388 30000000 0 0 0 0 0 0 0 0
389 60000000 0 0 0 0 0 0 0 0
392 967742 0 0 0 0 0 0 0 0
396 29032258 0 0 0 0 0 0 0 0
397 58064516 0 0 0 0 0 0 0 0
400 30000000 0 0 0 0 0 30000000 0 0
401 60000000 0 0 30000000 0 0 30000000 0 0
403 30000000 0 0 0 0 0 0 0 0
fl=/build/eglibc-SvCtMH/eglibc-2.19/string/../bits/stdlib-bsearch.h
fn=intel_check_word
27 8 1 1 0 0 0 0 0 0
28 16 0 0 0 0 0 0 0 0
29 110 0 0 0 0 0 0 0 0
31 154 0 0 0 0 0 0 0 0
32 54 0 0 0 0 0 0 0 0
37 8 0 0 0 0 0 0 0 0
fl=/build/eglibc-SvCtMH/eglibc-2.19/string/../string/memcmp.c
fn=bcmp
105 20 1 1 20 0 0 0 0 0
106 40 0 0 20 0 0 0 0 0
110 44 0 0 0 0 0 0 0 0
111 12 1 1 0 0 0 0 0 0
129 28 1 1 0 0 0 0 0 0
133 4 1 1 4 2 2 0 0 0
134 4 0 0 4 1 1 0 0 0
135 4 0 0 0 0 0 0 0 0
136 4 0 0 0 0 0 0 0 0
137 4 0 0 0 0 0 0 0 0
183 4 0 0 4 0 0 0 0 0
184 4 0 0 4 0 0 0 0 0
185 32 0 0 0 0 0 8 1 1
221 3 0 0 0 0 0 0 0 0
222 6 0 0 0 0 0 0 0 0
226 6 0 0 0 0 0 0 0 0
228 21 1 1 0 0 0 0 0 0
232 3 0 0 3 0 0 0 0 0
233 3 0 0 3 1 1 0 0 0
234 3 0 0 3 0 0 0 0 0
235 3 0 0 0 0 0 0 0 0
236 3 0 0 0 0 0 0 0 0
237 3 0 0 0 0 0 0 0 0
289 3 0 0 3 0 0 0 0 0
290 3 0 0 3 0 0 0 0 0
291 18 1 1 0 0 0 0 0 0
292 6 0 0 0 0 0 0 0 0
299 6 1 1 0 0 0 0 0 0
304 18 1 1 0 0 0 0 0 0
305 6 0 0 0 0 0 0 0 0
315 133 1 1 0 0 0 114 2 2
318 19 0 0 0 0 0 0 0 0
319 19 0 0 0 0 0 0 0 0
322 38 0 0 0 0 0 0 0 0
326 30 0 0 0 0 0 0 0 0
328 3 0 0 3 1 1 0 0 0
329 3 0 0 3 0 0 0 0 0
330 3 0 0 0 0 0 0 0 0
331 3 0 0 0 0 0 0 0 0
333 6 0 0 0 0 0 0 0 0
335 3 0 0 0 0 0 0 0 0
342 21 1 1 0 0 0 0 0 0
343 14 0 0 0 0 0 0 0 0
346 8 0 0 0 0 0 0 0 0
350 9 0 0 0 0 0 0 0 0
351 3 0 0 0 0 0 0 0 0
352 3 0 0 0 0 0 0 0 0
356 212 2 2 0 0 0 0 0 0
358 92 0 0 92 2 2 0 0 0
359 92 0 0 92 6 6 0 0 0
360 92 0 0 0 0 0 0 0 0
363 299 0 0 0 0 0 0 0 0
368 14 0 0 0 0 0 0 0 0
369 152 0 0 133 0 0 0 0 0
fl=/build/eglibc-SvCtMH/eglibc-2.19/string/../sysdeps/x86_64/memcpy.S
fn=__GI_mempcpy
61 2 1 1 0 0 0 0 0 0
65 2 0 0 0 0 0 0 0 0
68 2 0 0 0 0 0 0 0 0
69 2 0 0 0 0 0 0 0 0
71 2 0 0 2 0 0 0 0 0
72 2 0 0 0 0 0 2 0 0
74 2 0 0 0 0 0 0 0 0
75 2 0 0 0 0 0 0 0 0
80 2 0 0 0 0 0 0 0 0
81 2 0 0 0 0 0 0 0 0
92 2 1 1 0 0 0 0 0 0
93 2 0 0 0 0 0 0 0 0
104 2 0 0 0 0 0 0 0 0
105 2 0 0 0 0 0 0 0 0
107 1 0 0 1 0 0 0 0 0
108 1 0 0 0 0 0 1 0 0
110 1 0 0 0 0 0 0 0 0
111 2 0 0 0 0 0 0 0 0
116 2 0 0 0 0 0 0 0 0
117 2 0 0 0 0 0 0 0 0
138 2 1 1 0 0 0 0 0 0
142 2 0 0 2 0 0 0 0 0
fn=mempcpy
61 24 1 1 0 0 0 0 0 0
65 24 0 0 0 0 0 0 0 0
68 23 0 0 0 0 0 0 0 0
69 23 0 0 0 0 0 0 0 0
71 12 0 0 12 1 1 0 0 0
72 12 0 0 0 0 0 12 1 1
74 12 0 0 0 0 0 0 0 0
75 12 0 0 0 0 0 0 0 0
80 23 0 0 0 0 0 0 0 0
81 23 0 0 0 0 0 0 0 0
83 11 0 0 11 0 0 0 0 0
84 11 0 0 0 0 0 11 2 2
86 11 0 0 0 0 0 0 0 0
87 11 0 0 0 0 0 0 0 0
92 23 0 0 0 0 0 0 0 0
93 23 0 0 0 0 0 0 0 0
95 13 0 0 13 0 0 0 0 0
96 13 0 0 0 0 0 13 0 0
98 13 0 0 0 0 0 0 0 0
99 13 0 0 0 0 0 0 0 0
104 23 0 0 0 0 0 0 0 0
105 23 0 0 0 0 0 0 0 0
107 10 0 0 10 0 0 0 0 0
108 10 0 0 0 0 0 10 1 1
110 10 0 0 0 0 0 0 0 0
111 20 0 0 0 0 0 0 0 0
116 23 1 1 0 0 0 0 0 0
117 26 0 0 0 0 0 0 0 0
122 3 0 0 3 1 0 0 0 0
123 3 0 0 3 0 0 0 0 0
124 3 0 0 0 0 0 3 1 1
125 3 0 0 0 0 0 3 0 0
127 3 0 0 0 0 0 0 0 0
129 3 0 0 0 0 0 0 0 0
130 3 0 0 0 0 0 0 0 0
132 3 0 0 0 0 0 0 0 0
138 23 0 0 0 0 0 0 0 0
142 23 0 0 23 0 0 0 0 0
154 4 1 1 0 0 0 0 0 0
156 4 0 0 0 0 0 0 0 0
157 4 0 0 0 0 0 0 0 0
183 4 0 0 0 0 0 0 0 0
184 4 0 0 0 0 0 0 0 0
187 4 0 0 0 0 0 0 0 0
188 4 0 0 0 0 0 0 0 0
189 4 0 0 0 0 0 0 0 0
194 4 1 1 0 0 0 0 0 0
196 4 0 0 4 0 0 0 0 0
197 4 0 0 4 0 0 0 0 0
198 4 0 0 4 0 0 0 0 0
199 4 0 0 4 0 0 0 0 0
201 4 0 0 0 0 0 4 0 0
202 4 0 0 0 0 0 4 1 1
203 4 0 0 0 0 0 4 1 1
204 4 0 0 0 0 0 4 0 0
206 4 0 0 0 0 0 0 0 0
207 4 0 0 0 0 0 0 0 0
209 4 0 0 0 0 0 0 0 0
231 4 1 1 0 0 0 0 0 0
233 4 0 0 0 0 0 0 0 0
235 1 0 0 0 0 0 0 0 0
242 1 0 0 1 0 0 0 0 0
fl=/build/eglibc-SvCtMH/eglibc-2.19/string/../sysdeps/x86_64/memset.S
fn=memset
53 1 1 1 0 0 0 0 0 0
54 1 0 0 0 0 0 0 0 0
55 1 0 0 0 0 0 0 0 0
56 1 0 0 0 0 0 0 0 0
57 1 0 0 0 0 0 0 0 0
59 1 0 0 0 0 0 0 0 0
60 1 0 0 0 0 0 0 0 0
61 1 0 0 0 0 0 0 0 0
62 1 0 0 0 0 0 0 0 0
63 1 0 0 0 0 0 0 0 0
64 1 1 1 0 0 0 1 0 0
65 1 0 0 0 0 0 1 0 0
66 1 0 0 0 0 0 0 0 0
72 1 0 0 0 0 0 1 0 0
73 1 0 0 0 0 0 1 0 0
74 1 0 0 1 0 0 0 0 0
fl=/build/eglibc-SvCtMH/eglibc-2.19/string/../sysdeps/x86_64/multiarch/../cacheinfo.c
fn=handle_intel
305 16 0 0 0 0 0 12 0 0
306 4 1 1 0 0 0 0 0 0
317 6 0 0 0 0 0 2 0 0
319 2 0 0 0 0 0 2 0 0
320 4 0 0 0 0 0 2 0 0
322 2 0 0 0 0 0 0 0 0
328 8 1 1 0 0 0 2 0 0
333 4 0 0 0 0 0 0 0 0
335 6 1 1 0 0 0 2 0 0
336 2 0 0 0 0 0 0 0 0
340 10 1 1 0 0 0 2 0 0
341 4 0 0 0 0 0 0 0 0
344 10 0 0 0 0 0 2 0 0
345 4 0 0 0 0 0 0 0 0
362 16 0 0 14 0 0 0 0 0
fn=init_cacheinfo
550 3 1 1 0 0 0 3 0 0
563 3 0 0 1 1 0 0 0 0
570 2 0 0 0 0 0 0 0 0
572 4 0 0 1 0 0 1 0 0
575 1 0 0 0 0 0 0 0 0
576 4 1 1 1 0 0 1 0 0
578 2 0 0 0 0 0 0 0 0
589 1 0 0 1 0 0 0 0 0
607 4 0 0 1 0 0 0 0 0
614 17 1 1 0 0 0 0 0 0
620 8 0 0 0 0 0 0 0 0
623 20 0 0 0 0 0 0 0 0
625 2 1 1 0 0 0 0 0 0
631 5 0 0 0 0 0 0 0 0
638 9 1 1 0 0 0 0 0 0
640 2 0 0 0 0 0 0 0 0
642 8 0 0 0 0 0 0 0 0
644 4 0 0 0 0 0 0 0 0
649 1 1 1 0 0 0 0 0 0
651 4 0 0 0 0 0 0 0 0
652 2 0 0 0 0 0 0 0 0
653 1 0 0 0 0 0 0 0 0
657 2 0 0 0 0 0 0 0 0
669 4 0 0 0 0 0 0 0 0
670 5 1 1 0 0 0 0 0 0
744 2 0 0 0 0 0 0 0 0
746 3 1 1 0 0 0 1 0 0
747 1 0 0 0 0 0 1 1 1
749 1 0 0 0 0 0 0 0 0
750 3 0 0 0 0 0 1 0 0
751 1 0 0 0 0 0 1 0 0
754 2 0 0 0 0 0 0 0 0
756 3 0 0 0 0 0 1 0 0
757 1 0 0 0 0 0 1 1 1
759 1 0 0 0 0 0 0 0 0
760 3 0 0 0 0 0 1 0 0
761 1 0 0 0 0 0 1 0 0
763 4 0 0 4 0 0 0 0 0
fn=intel_check_word
150 108 0 0 54 6 6 0 0 0
153 54 0 0 0 0 0 0 0 0
161 16 1 1 0 0 0 12 0 0
162 8 1 1 0 0 0 0 0 0
164 2 0 0 0 0 0 0 0 0
168 28 0 0 0 0 0 0 0 0
170 32 0 0 0 0 0 0 0 0
172 10 0 0 0 0 0 0 0 0
174 20 0 0 0 0 0 0 0 0
182 20 1 1 0 0 0 0 0 0
194 39 2 2 0 0 0 0 0 0
199 16 0 0 0 0 0 0 0 0
203 10 1 1 0 0 0 0 0 0
205 5 1 1 0 0 0 0 0 0
210 8 0 0 0 0 0 0 0 0
213 2 1 1 0 0 0 0 0 0
215 4 0 0 0 0 0 0 0 0
217 10 1 1 0 0 0 0 0 0
218 8 0 0 0 0 0 0 0 0
219 8 1 1 0 0 0 0 0 0
220 2 0 0 0 0 0 0 0 0
228 3 1 1 0 0 0 0 0 0
235 16 0 0 0 0 0 0 0 0
295 8 1 1 0 0 0 0 0 0
300 16 0 0 16 0 0 0 0 0
fl=/build/eglibc-SvCtMH/eglibc-2.19/string/../sysdeps/x86_64/multiarch/../memcpy.S
fn=memcpy
61 22 1 1 0 0 0 0 0 0
63 22 0 0 0 0 0 0 0 0
65 22 0 0 0 0 0 0 0 0
68 21 0 0 0 0 0 0 0 0
69 21 0 0 0 0 0 0 0 0
71 5 1 1 5 0 0 0 0 0
72 5 0 0 0 0 0 5 3 3
74 5 0 0 0 0 0 0 0 0
75 5 0 0 0 0 0 0 0 0
80 21 0 0 0 0 0 0 0 0
81 21 0 0 0 0 0 0 0 0
83 5 0 0 5 0 0 0 0 0
84 5 0 0 0 0 0 5 1 1
86 5 0 0 0 0 0 0 0 0
87 10 0 0 0 0 0 0 0 0
92 21 0 0 0 0 0 0 0 0
93 21 0 0 0 0 0 0 0 0
95 6 0 0 6 0 0 0 0 0
96 6 0 0 0 0 0 6 0 0
98 6 0 0 0 0 0 0 0 0
99 6 0 0 0 0 0 0 0 0
104 21 0 0 0 0 0 0 0 0
105 21 0 0 0 0 0 0 0 0
107 12 0 0 12 0 0 0 0 0
108 12 0 0 0 0 0 12 3 3
110 12 0 0 0 0 0 0 0 0
111 12 0 0 0 0 0 0 0 0
116 21 1 1 0 0 0 0 0 0
117 31 0 0 0 0 0 0 0 0
122 10 0 0 10 0 0 0 0 0
123 10 0 0 10 0 0 0 0 0
124 10 0 0 0 0 0 10 1 1
125 10 0 0 0 0 0 10 1 1
127 10 0 0 0 0 0 0 0 0
129 10 0 0 0 0 0 0 0 0
130 10 0 0 0 0 0 0 0 0
132 10 0 0 0 0 0 0 0 0
140 21 0 0 21 0 0 0 0 0
148 7 0 0 0 0 0 7 0 0
154 7 0 0 0 0 0 0 0 0
156 7 0 0 0 0 0 0 0 0
157 7 0 0 0 0 0 0 0 0
160 2 1 1 0 0 0 0 0 0
161 4 0 0 0 0 0 0 0 0
166 3 0 0 3 0 0 0 0 0
167 3 0 0 0 0 0 3 1 1
169 3 0 0 0 0 0 0 0 0
171 3 0 0 0 0 0 0 0 0
172 3 0 0 0 0 0 0 0 0
174 5 0 0 0 0 0 0 0 0
183 7 1 0 0 0 0 0 0 0
184 7 0 0 0 0 0 0 0 0
187 7 0 0 0 0 0 0 0 0
188 7 0 0 0 0 0 0 0 0
189 7 0 0 0 0 0 0 0 0
194 7 1 1 0 0 0 0 0 0
196 7 0 0 7 0 0 0 0 0
197 7 0 0 7 0 0 0 0 0
198 7 0 0 7 0 0 0 0 0
199 7 0 0 7 0 0 0 0 0
201 7 0 0 0 0 0 7 1 1
202 7 0 0 0 0 0 7 1 1
203 7 0 0 0 0 0 7 0 0
204 7 0 0 0 0 0 7 1 1
206 7 0 0 0 0 0 0 0 0
207 7 0 0 0 0 0 0 0 0
209 7 0 0 0 0 0 0 0 0
231 7 1 1 0 0 0 0 0 0
237 7 0 0 7 0 0 0 0 0
238 7 0 0 0 0 0 0 0 0
240 1 0 0 1 0 0 0 0 0
fl=/build/eglibc-SvCtMH/eglibc-2.19/string/../sysdeps/x86_64/multiarch/../rtld-strlen.S
fn=strlen
26 20 1 1 0 0 0 0 0 0
27 20 0 0 0 0 0 0 0 0
28 20 0 0 0 0 0 0 0 0
29 20 0 0 0 0 0 0 0 0
31 10 0 0 0 0 0 0 0 0
32 10 0 0 0 0 0 0 0 0
34 40 0 0 40 1 1 0 0 0
35 40 0 0 0 0 0 0 0 0
36 39 0 0 0 0 0 0 0 0
37 39 0 0 0 0 0 0 0 0
38 39 0 0 0 0 0 0 0 0
40 38 1 1 0 0 0 0 0 0
45 26 0 0 26 0 0 0 0 0
46 26 0 0 0 0 0 0 0 0
47 26 0 0 0 0 0 0 0 0
48 26 0 0 0 0 0 0 0 0
51 26 0 0 0 0 0 0 0 0
52 23 0 0 0 0 0 0 0 0
53 23 0 0 0 0 0 0 0 0
54 23 0 0 0 0 0 0 0 0
56 23 0 0 0 0 0 0 0 0
59 17 0 0 17 0 0 0 0 0
60 17 0 0 0 0 0 0 0 0
61 17 0 0 0 0 0 0 0 0
62 17 0 0 0 0 0 0 0 0
65 17 0 0 0 0 0 0 0 0
66 12 0 0 0 0 0 0 0 0
67 12 0 0 0 0 0 0 0 0
68 12 1 1 0 0 0 0 0 0
70 12 0 0 0 0 0 0 0 0
73 9 0 0 9 0 0 0 0 0
74 9 0 0 0 0 0 0 0 0
75 9 0 0 0 0 0 0 0 0
76 9 0 0 0 0 0 0 0 0
79 9 0 0 0 0 0 0 0 0
80 9 0 0 0 0 0 0 0 0
81 9 0 0 0 0 0 0 0 0
82 9 0 0 0 0 0 0 0 0
84 9 0 0 0 0 0 0 0 0
87 9 0 0 9 0 0 0 0 0
88 9 0 0 0 0 0 0 0 0
89 9 0 0 0 0 0 0 0 0
90 9 0 0 0 0 0 0 0 0
93 9 0 0 0 0 0 0 0 0
94 7 0 0 0 0 0 0 0 0
95 7 0 0 0 0 0 0 0 0
96 7 0 0 0 0 0 0 0 0
98 7 0 0 0 0 0 0 0 0
101 19 1 1 0 0 0 0 0 0
103 19 0 0 0 0 0 0 0 0
104 19 0 0 0 0 0 0 0 0
105 19 0 0 0 0 0 0 0 0
107 19 0 0 0 0 0 0 0 0
108 19 0 0 0 0 0 0 0 0
109 19 0 0 0 0 0 0 0 0
111 19 0 0 0 0 0 0 0 0
112 19 0 0 0 0 0 0 0 0
113 18 0 0 0 0 0 0 0 0
115 18 0 0 0 0 0 0 0 0
116 18 0 0 0 0 0 0 0 0
117 14 0 0 0 0 0 0 0 0
119 14 0 0 0 0 0 0 0 0
121 14 0 0 0 0 0 0 0 0
122 14 0 0 0 0 0 0 0 0
123 14 0 0 0 0 0 0 0 0
125 14 0 0 0 0 0 0 0 0
126 14 0 0 0 0 0 0 0 0
127 9 0 0 0 0 0 0 0 0
129 9 0 0 0 0 0 0 0 0
130 9 0 0 0 0 0 0 0 0
131 5 0 0 0 0 0 0 0 0
133 20 1 1 0 0 0 0 0 0
134 20 0 0 20 0 0 0 0 0
fl=/build/eglibc-SvCtMH/eglibc-2.19/string/../sysdeps/x86_64/multiarch/../strchr.S
fn=index
24 15 1 1 0 0 0 0 0 0
25 15 0 0 0 0 0 0 0 0
26 15 0 0 0 0 0 0 0 0
27 15 0 0 0 0 0 0 0 0
28 15 0 0 0 0 0 0 0 0
29 15 0 0 0 0 0 0 0 0
30 15 0 0 0 0 0 0 0 0
31 15 0 0 0 0 0 0 0 0
32 15 0 0 15 4 4 0 0 0
33 15 0 0 0 0 0 0 0 0
34 15 0 0 0 0 0 0 0 0
35 15 1 1 0 0 0 0 0 0
36 15 0 0 0 0 0 0 0 0
37 15 0 0 0 0 0 0 0 0
38 15 0 0 0 0 0 0 0 0
39 15 0 0 0 0 0 0 0 0
40 15 0 0 0 0 0 0 0 0
41 12 0 0 0 0 0 0 0 0
45 12 0 0 0 0 0 0 0 0
46 12 0 0 0 0 0 0 0 0
47 12 0 0 12 0 0 0 0 0
48 12 0 0 0 0 0 0 0 0
50 12 0 0 12 0 0 0 0 0
54 3 0 0 3 0 0 0 0 0
55 3 0 0 0 0 0 0 0 0
56 3 0 0 0 0 0 0 0 0
57 3 0 0 0 0 0 0 0 0
58 3 0 0 0 0 0 0 0 0
59 3 1 1 0 0 0 0 0 0
60 3 0 0 3 1 1 0 0 0
61 3 0 0 0 0 0 0 0 0
62 3 0 0 0 0 0 0 0 0
63 3 0 0 0 0 0 0 0 0
64 3 0 0 0 0 0 0 0 0
65 3 0 0 0 0 0 0 0 0
66 3 0 0 0 0 0 0 0 0
67 3 0 0 3 0 0 0 0 0
68 3 0 0 0 0 0 0 0 0
69 3 0 0 0 0 0 0 0 0
70 3 0 0 0 0 0 0 0 0
71 3 0 0 0 0 0 0 0 0
72 3 0 0 0 0 0 0 0 0
73 3 0 0 0 0 0 0 0 0
74 3 0 0 0 0 0 0 0 0
75 3 1 1 0 0 0 0 0 0
76 3 0 0 0 0 0 0 0 0
77 3 0 0 0 0 0 0 0 0
129 3 1 1 0 0 0 0 0 0
133 3 0 0 0 0 0 0 0 0
134 3 0 0 0 0 0 0 0 0
135 3 0 0 3 0 0 0 0 0
136 3 1 1 0 0 0 0 0 0
138 3 0 0 3 0 0 0 0 0
fl=/build/eglibc-SvCtMH/eglibc-2.19/string/../sysdeps/x86_64/multiarch/../strcmp.S
fn=strcmp
131 3555 1 1 3555 92 66 0 0 0
132 3555 0 0 3555 41 24 0 0 0
133 3555 0 0 0 0 0 0 0 0
134 3038 0 0 0 0 0 0 0 0
135 3038 0 0 0 0 0 0 0 0
136 3038 0 0 0 0 0 0 0 0
137 3038 0 0 0 0 0 0 0 0
139 217 0 0 0 0 0 0 0 0
140 217 0 0 217 0 0 0 0 0
142 517 0 0 0 0 0 0 0 0
143 517 0 0 0 0 0 0 0 0
144 517 0 0 0 0 0 0 0 0
145 517 0 0 517 0 0 0 0 0
fl=/build/eglibc-SvCtMH/eglibc-2.19/string/../sysdeps/x86_64/multiarch/memmove.c
fn=memcpy@GLIBC_2.2.5
49 1 1 1 0 0 0 0 0 0
fl=/build/eglibc-SvCtMH/eglibc-2.19/string/../sysdeps/x86_64/multiarch/strcmp.S
fn=strcasecmp
114 1 1 1 1 1 1 0 0 0
115 1 0 0 0 0 0 0 0 0
116 1 0 0 0 0 0 1 0 0
119 1 1 1 0 0 0 0 0 0
120 1 0 0 1 0 0 0 0 0
121 1 0 0 0 0 0 0 0 0
132 1 1 1 1 0 0 0 0 0
fn=strncasecmp
140 1 1 1 1 0 0 0 0 0
141 1 0 0 0 0 0 0 0 0
145 1 0 0 0 0 0 0 0 0
146 1 0 0 1 0 0 0 0 0
147 1 1 1 0 0 0 0 0 0
158 1 0 0 1 0 0 0 0 0
fl=/build/eglibc-SvCtMH/eglibc-2.19/string/../sysdeps/x86_64/rtld-memset.S
fn=memset
30 20 2 2 0 0 0 0 0 0
31 20 0 0 0 0 0 0 0 0
32 20 0 0 0 0 0 0 0 0
33 5832 0 0 0 0 0 5812 92 92
34 20 0 0 0 0 0 0 0 0
35 20 0 0 20 0 0 0 0 0
fl=/build/eglibc-SvCtMH/eglibc-2.19/string/../sysdeps/x86_64/strchr.S
fn=strchrnul
24 2 1 1 0 0 0 0 0 0
25 2 0 0 0 0 0 0 0 0
26 2 0 0 0 0 0 0 0 0
27 2 0 0 0 0 0 0 0 0
28 2 0 0 0 0 0 0 0 0
29 2 0 0 0 0 0 0 0 0
30 2 0 0 0 0 0 0 0 0
31 2 0 0 0 0 0 0 0 0
32 2 0 0 2 0 0 0 0 0
33 2 0 0 0 0 0 0 0 0
34 2 0 0 0 0 0 0 0 0
35 2 1 1 0 0 0 0 0 0
36 2 0 0 0 0 0 0 0 0
37 2 0 0 0 0 0 0 0 0
38 2 0 0 0 0 0 0 0 0
39 2 0 0 0 0 0 0 0 0
40 2 0 0 0 0 0 0 0 0
41 2 0 0 0 0 0 0 0 0
43 2 0 0 0 0 0 0 0 0
50 2 0 0 2 0 0 0 0 0
fl=/build/eglibc-SvCtMH/eglibc-2.19/string/../sysdeps/x86_64/strlen.S
fn=strlen
66 13 2 2 0 0 0 0 0 0
67 13 0 0 0 0 0 0 0 0
68 13 0 0 0 0 0 0 0 0
69 13 0 0 0 0 0 0 0 0
70 13 0 0 0 0 0 0 0 0
71 13 0 0 0 0 0 0 0 0
72 13 0 0 0 0 0 0 0 0
74 13 0 0 0 0 0 0 0 0
76 13 0 0 0 0 0 0 0 0
106 13 0 0 13 4 4 0 0 0
107 13 1 1 0 0 0 0 0 0
108 13 0 0 0 0 0 0 0 0
109 13 0 0 0 0 0 0 0 0
110 13 0 0 0 0 0 0 0 0
111 10 0 0 0 0 0 0 0 0
112 10 0 0 10 0 0 0 0 0
116 3 0 0 0 0 0 0 0 0
117 3 0 0 3 0 0 0 0 0
118 3 0 0 3 2 2 0 0 0
119 3 0 0 3 0 0 0 0 0
120 3 0 0 0 0 0 0 0 0
121 3 0 0 0 0 0 0 0 0
122 3 0 0 0 0 0 0 0 0
123 3 0 0 0 0 0 0 0 0
124 3 0 0 0 0 0 0 0 0
125 3 1 1 0 0 0 0 0 0
126 3 0 0 0 0 0 0 0 0
127 3 0 0 0 0 0 0 0 0
132 24 0 0 3 0 0 0 0 0
fl=/build/eglibc-SvCtMH/eglibc-2.19/string/../sysdeps/x86_64/strrchr.S
fn=rindex
24 1 1 1 0 0 0 0 0 0
25 1 0 0 0 0 0 0 0 0
26 1 0 0 0 0 0 0 0 0
27 1 0 0 0 0 0 0 0 0
28 1 0 0 0 0 0 0 0 0
29 1 0 0 0 0 0 0 0 0
30 1 0 0 0 0 0 0 0 0
31 1 0 0 0 0 0 0 0 0
32 1 0 0 1 1 0 0 0 0
33 1 0 0 0 0 0 0 0 0
34 1 1 1 0 0 0 0 0 0
35 1 0 0 0 0 0 0 0 0
36 1 0 0 0 0 0 0 0 0
37 1 0 0 0 0 0 0 0 0
38 1 0 0 0 0 0 0 0 0
39 1 0 0 0 0 0 0 0 0
40 1 0 0 0 0 0 0 0 0
51 1 0 0 1 0 0 0 0 0
52 1 0 0 0 0 0 0 0 0
53 1 0 0 1 1 0 0 0 0
54 1 1 1 0 0 0 0 0 0
55 1 0 0 0 0 0 0 0 0
56 1 0 0 1 0 0 0 0 0
57 1 0 0 0 0 0 0 0 0
58 1 0 0 0 0 0 0 0 0
59 1 0 0 0 0 0 0 0 0
60 1 0 0 0 0 0 0 0 0
61 1 0 0 0 0 0 0 0 0
62 1 0 0 0 0 0 0 0 0
63 1 0 0 0 0 0 0 0 0
64 1 0 0 0 0 0 0 0 0
65 1 0 0 0 0 0 0 0 0
66 1 0 0 0 0 0 0 0 0
67 1 0 0 0 0 0 0 0 0
68 1 0 0 0 0 0 0 0 0
69 1 0 0 0 0 0 0 0 0
70 1 1 1 0 0 0 0 0 0
71 1 0 0 0 0 0 0 0 0
72 1 0 0 0 0 0 0 0 0
73 1 0 0 0 0 0 0 0 0
74 1 0 0 0 0 0 0 0 0
75 1 0 0 0 0 0 0 0 0
76 1 0 0 0 0 0 0 0 0
77 1 0 0 0 0 0 0 0 0
78 1 0 0 0 0 0 0 0 0
79 1 0 0 0 0 0 0 0 0
80 1 0 0 0 0 0 0 0 0
81 1 0 0 0 0 0 0 0 0
82 1 0 0 0 0 0 0 0 0
83 1 0 0 0 0 0 0 0 0
84 1 0 0 0 0 0 0 0 0
85 1 0 0 0 0 0 0 0 0
86 1 0 0 0 0 0 0 0 0
87 1 0 0 1 0 0 0 0 0
fl=/build/eglibc-SvCtMH/eglibc-2.19/time/../sysdeps/generic/dl-hash.h
fn=gettimeofday
43 2 0 0 0 0 0 0 0 0
44 2 1 1 0 0 0 0 0 0
45 26 1 1 8 1 1 0 0 0
48 24 0 0 0 0 0 0 0 0
49 16 0 0 0 0 0 0 0 0
62 16 0 0 0 0 0 0 0 0
67 2 0 0 0 0 0 0 0 0
fn=time
43 1 0 0 0 0 0 0 0 0
44 1 0 0 0 0 0 0 0 0
45 13 0 0 4 1 1 0 0 0
48 12 0 0 0 0 0 0 0 0
49 8 1 1 0 0 0 0 0 0
62 8 0 0 0 0 0 0 0 0
67 1 0 0 0 0 0 0 0 0
fl=/build/eglibc-SvCtMH/eglibc-2.19/time/../sysdeps/unix/sysv/linux/x86_64/gettimeofday.c
fn=gettimeofday
30 2 0 0 0 0 0 0 0 0
31 14 1 1 0 0 0 8 0 0
34 6 0 0 0 0 0 2 0 0
35 6 0 0 0 0 0 0 0 0
36 6 0 0 2 0 0 0 0 0
fl=/build/eglibc-SvCtMH/eglibc-2.19/time/../sysdeps/unix/sysv/linux/x86_64/time.c
fn=time
36 1 0 0 0 0 0 0 0 0
37 7 1 1 0 0 0 4 0 0
40 6 1 1 0 0 0 1 0 0
41 3 0 0 1 0 0 0 0 0
fl=/home/igormacedo/ufrn/pcd/ufrn-pcd/local/unidade3/omp_mat_vect_rand_split.c
fn=Gen_matrix
150 8 1 1 0 0 0 7 0 0
152 31 2 2 10 0 0 1 0 0
153 50000025 0 0 0 0 0 0 0 0
154 125000000 0 0 25000000 1 1 50000000 3125000 3125000
155 8 0 0 7 1 1 0 0 0
fn=Gen_vector
164 7 0 0 0 0 0 2 0 0
166 10000002 0 0 0 0 0 0 0 0
167 25000000 1 1 5000000 0 0 10000000 625001 625001
168 4 0 0 3 0 0 0 0 0
fn=Get_args
107 6 1 1 0 0 0 4 0 0
109 2 0 0 0 0 0 0 0 0
110 8 0 0 1 0 0 2 0 0
111 5 0 0 1 0 0 2 0 0
112 5 1 1 1 0 0 2 0 0
113 8 0 0 2 0 0 0 0 0
115 6 0 0 5 0 0 0 0 0
fn=Omp_mat_vect
192 13 2 2 0 0 0 6 0 0
196 12 0 0 3 0 0 3 1 1
197 8 1 1 0 0 0 7 0 0
207 7 1 1 3 2 2 1 0 0
208 2 0 0 1 0 0 0 0 0
211 8 0 0 7 1 1 0 0 0
fn=Omp_mat_vect._omp_fn.0
197 39 1 1 7 1 1 5 0 0
200 5 0 0 0 0 0 5 0 0
201 50000060 2 2 10 4 4 0 0 0
202 75000000 0 0 50000000 6250006 6250006 0 0 0
203 50000000 0 0 0 0 0 25000000 0 0
fn=main
59 4 1 1 0 0 0 3 0 0
66 4 1 1 0 0 0 1 0 0
68 6 0 0 2 0 0 1 0 0
69 4 0 0 1 1 0 1 0 0
70 4 1 1 1 0 0 1 0 0
78 4 0 0 2 0 0 1 0 0
80 3 0 0 1 1 1 1 0 0
84 7 0 0 3 1 1 1 0 0
92 2 1 1 0 0 0 1 0 0
93 2 0 0 0 0 0 1 0 0
94 2 0 0 0 0 0 1 0 0
97 6 0 0 4 1 1 0 0 0
fl=/usr/include/x86_64-linux-gnu/bits/stdio2.h
fn=Omp_mat_vect
104 4 0 0 0 0 0 1 0 0
fl=???
fn=???
0 30001047 129 122 30000399 49 33 281 19 17
fn=GOMP_parallel_end
0 3 0 0 1 1 1 0 0 0
fn=GOMP_parallel_start
0 19 2 2 3 0 0 5 0 0
fn=__libc_csu_init
0 34 2 2 8 1 1 8 0 0
fn=__sched_cpucount
0 9 0 0 3 0 0 0 0 0
fn=_dl_debug_initialize
0 6 0 0 5 0 0 0 0 0
fn=memcpy@GLIBC_2.2.5
0 12 0 0 4 0 0 0 0 0
fn=omp_get_num_threads
0 6 1 1 4 0 0 0 0 0
fn=omp_get_thread_num
0 3 0 0 3 0 0 0 0 0
summary: 1704293263 1220 1208 530067950 6253457 6252717 235026598 3750783 3750727
